0
143
201
269
1
148
202
1
145
206
270
1
145
203
1
145
202
270
3
152
214
3
152
209
275
4
183
243
4
183
240
324
4
183
240
319
4
183
239
4
182
240
4
160
217
290
4
158
218
4
158
217
290
5
183
243
5
183
240
324
5
183
240
319
5
183
239
5
182
240
5
160
217
290
5
158
218
5
158
217
290
10
167
225
303
10
167
223
299
11
169
228
12
169
228
18
192
253
18
192
252
18
189
247
18
185
253
18
185
252
19
191
251
20
194
256
21
194
256
22
195
265
23
195
265
143
201
269
145
206
270
145
202
270
151
208
280
376
152
209
275
155
210
286
361
155
210
286
359
156
238
315
402
156
238
315
383
156
238
315
381
156
235
318
402
156
235
318
383
156
235
315
402
156
235
315
383
156
235
315
381
158
243
320
158
240
320
158
239
324
158
239
320
158
239
319
158
217
290
160
243
320
160
240
320
160
239
324
160
239
320
160
239
319
160
217
290
162
222
297
167
225
303
167
223
299
172
231
310
456
172
231
310
447
172
231
310
358
172
231
310
357
172
231
309
456
172
231
309
447
172
231
309
358
172
231
309
357
174
231
310
456
174
231
310
447
174
231
310
358
174
231
310
357
174
231
309
456
174
231
309
447
174
231
309
358
174
231
309
357
179
237
288
366
180
238
289
402
180
238
289
383
181
237
288
366
183
240
324
183
240
319
183
218
320
183
217
320
184
242
321
186
245
323
369
186
245
323
367
186
245
323
355
188
249
331
386
196
260
339
372
196
260
339
356
199
268
350
373
201
306
495
202
308
418
202
307
418
203
308
418
203
307
418
204
273
378
204
273
375
204
278
426
204
278
423
204
272
426
204
272
423
206
308
418
206
307
418
207
276
377
208
280
376
209
284
556
210
286
361
210
286
359
210
281
406
210
281
394
210
281
361
210
281
359
211
284
556
212
285
380
212
279
380
213
284
425
213
284
379
214
284
556
215
317
366
215
288
498
215
288
360
216
318
402
216
318
383
216
315
402
216
315
383
216
289
383
216
289
381
219
293
353
219
291
353
220
293
353
220
291
353
224
300
382
224
295
382
227
305
364
227
304
364
231
274
527
231
274
521
231
310
456
231
310
447
231
310
358
231
310
357
231
309
456
231
309
447
231
309
358
231
309
357
231
278
555
231
278
357
231
272
555
231
272
358
231
272
357
232
311
365
232
311
376
233
274
527
233
274
521
233
310
456
233
310
447
233
310
358
233
310
357
233
309
456
233
309
447
233
309
358
233
309
357
233
278
555
233
278
357
233
272
555
233
272
358
233
272
357
235
318
402
235
318
383
235
315
402
235
315
383
235
315
381
235
289
402
235
289
383
236
316
430
237
317
458
237
317
366
237
317
360
237
288
366
238
318
402
238
318
383
238
315
402
238
315
383
238
315
381
238
289
402
238
289
383
245
328
369
245
328
367
245
328
355
245
323
369
245
323
367
245
323
355
246
327
370
246
327
368
249
331
386
249
330
386
256
338
478
256
338
475
256
338
473
256
338
471
256
338
417
256
338
416
256
338
414
256
338
412
256
336
478
256
336
475
256
336
473
256
336
471
256
336
417
256
336
416
256
336
414
256
336
412
257
337
371
258
336
478
258
336
475
258
336
473
258
336
471
258
336
417
258
336
416
258
336
414
258
336
412
259
345
486
259
344
486
260
343
492
260
343
480
260
339
372
260
339
356
260
345
442
260
345
440
260
345
389
260
344
442
260
344
440
260
344
389
261
339
487
261
339
479
261
345
390
261
345
388
261
344
390
261
344
388
262
343
487
262
343
479
262
343
442
262
343
440
262
343
437
262
343
389
263
343
483
263
341
445
263
341
439
264
339
487
264
339
479
264
345
390
264
345
388
264
344
390
264
344
388
265
345
486
265
344
486
266
347
444
267
349
374
268
349
515
268
350
373
