-151.199
-72.7586
-81.4616
-117.624
-22.1416
-22.0603
-0.0676357
-0.0514936
45.2568
73.2293
66.2016
119.955
120.252
133.056
103.184
10.8544
10.8767
-7.28796
-14.0707
-27.6174
-95.6655
-95.9316
-117.958
-118.272
-131.119
-63.0762
-70.8462
-102.147
-19.0666
-0.461744
-0.458078
39.5271
39.4044
63.7107
57.5381
138.665
104.25
115.665
115.317
143.557
89.4482
89.1929
19.9023
9.5869
9.65565
-12.2768
-5.8613
-12.2352
-23.8026
-23.8723
-82.7204
-82.9662
-144.004
-102.28
-102.601
-160.112
-111.084
-53.2072
-53.3777
-143.476
-59.9901
-86.6303
-108.938
-76.6537
-16.0492
-0.754413
-0.716036
33.7235
58.4079
48.6462
54.1298
53.9489
117.575
87.8696
88.2821
156.257
97.8966
97.5484
121.366
114.903
75.477
75.202
79.268
16.6982
8.29556
-10.4683
-4.48387
-9.29219
-20.0832
-10.3962
-20.1735
-99.8094
-69.7244
-86.5817
-121.582
-135.504
-157.225
-97.0864
-46.4111
-46.6133
-125.633
-139.119
-125.115
-76.084
-52.3765
-134.476
-95.3025
-66.5891
-13.9472
-0.8593
-13.8832
29.5453
50.5685
47.1789
42.4973
102.775
76.6758
77.0585
85.4302
136.304
85.0399
105.429
105.895
99.9122
68.8115
14.5014
7.3775
-9.18924
-7.97709
-11.2875
-3.67847
-9.14458
-17.4796
-17.5877
-86.8194
-60.7086
-75.6001
-105.914
-106.351
-118.281
-137.812
-137.243
-117.78
-83.0033
-39.6683
-39.8849
-144.799
-107.233
-39.6415
-118.663
-106.707
-130.489
-44.7928
-65.1925
-114.57
-81.5758
-93.4666
-56.6519
-11.8888
-0.889448
-11.8195
-0.883852
25.3714
43.0976
48.6356
42.8671
40.4068
36.3437
87.9819
65.4651
65.8706
116.948
73.0013
116.391
72.5915
90.0019
90.4538
55.7561
85.0329
58.7336
105.046
58.4445
12.3046
12.2558
6.35972
-7.8616
-2.92126
-6.64845
-9.92192
-7.84379
-14.9227
-15.0019
-7.86617
-73.961
-51.7279
-64.5969
-90.2451
-64.9004
-100.513
-117.828
-117.266
-70.935
-33.893
-34.0855
-123.949
-37.9563
-33.8608
-101.074
-110.968
-38.2391
-69.8465
-55.8116
-97.549
-116.982
-37.9896
-48.4641
-80.1796
-10.133
-10.0731
-0.914519
-0.907711
21.5741
21.739
31.2146
41.1698
31.0183
34.4992
75.2604
55.8238
56.2242
99.9019
62.3189
76.7575
61.9146
47.418
88.8322
103.863
49.8993
89.3733
10.4147
10.4797
5.54626
5.52139
10.4196
-0.602163
-2.32031
-5.62846
-6.7565
-0.606812
-8.67332
-5.92181
-12.7079
-6.68519
-6.73298
-12.7914
-12.6857
-44.3342
-62.9854
-44.0139
-55.1439
-76.8803
-139.957
-148.546
-157.914
-140.752
-55.476
-169.774
-85.758
-100.074
-60.8856
-29.058
-29.2342
-78.2737
-106.524
-142.211
-32.5356
-86.3586
-29.0219
-77.6596
-84.0063
-94.7761
-59.9868
-32.7893
-48.0287
-100.445
-83.4562
-59.5603
-32.5487
-41.4329
-68.9831
-8.67265
-0.850272
-8.58928
-0.872383
18.5842
34.7722
31.1246
18.7075
29.7949
26.7574
35.0099
27.9488
29.6066
26.5687
64.6088
64.134
47.8073
85.155
85.7205
53.4225
53.0246
65.7541
61.7966
61.3358
40.5303
75.8619
89.5372
42.5601
76.3505
8.87763
8.92116
4.83142
4.81708
-1.84517
8.88862
-0.367919
-5.0879
-4.73945
-1.85418
-0.390215
-7.59135
-7.63005
-10.884
-5.0425
-10.9864
-10.8903
-37.9054
-53.8797
-37.6263
-65.7476
-47.2737
-135.341
-138.083
-127.08
-119.749
-120.56
-47.6028
-145.348
-60.4058
-73.4418
-85.8168
-162.483
-24.645
-0.557692
26.4564
-0.681529
-31.2356
-28.3699
-29.1973
-22.5733
-15.3563
-24.0146
11.7448
12.4748
27.6858
26.494
15.774
-0.638107
-1.63652
-0.667681
-1.716
-19.7623
-28.9574
-31.3569
-31.3128
-29.2296
-26.6252
-28.267
-30.54
-25.1733
-24.8486
-19.1314
8.97976
19.081
0.0997701
-9.84854
-2.51848
0.0895075
-29.7638
-31.1831
-31.2853
-28.6174
-23.1927
-21.8739
-22.54
-26.0277
-25.4822
-25.5038
-21.1744
-29.7121
-21.9508
-19.0796
-18.6539
-22.9554
-24.9869
-12.1487
-23.9667
5.145
5.81751
4.15757
6.032
4.20995
22.8549
22.0718
22.8921
23.4305
23.9249
23.9559
29.7964
28.4854
28.5349
26.3883
29.431
27.5893
26.3301
24.9911
27.6274
29.5392
25.7629
23.2728
20.2895
25.0904
10.9342
0.0951592
6.2806
11.3543
8.54636
-28.6413
-23.1149
-29.1658
-28.6101
-31.3944
-30.7036
-31.0624
-30.9982
-30.7807
-31.1129
-28.8767
-30.7426
-31.7732
-31.8723
-31.4001
-30.6359
-31.2403
-23.5886
-23.8594
-29.7689
-28.0419
-15.6268
-14.3303
-20.5314
-25.4043
-14.41
-12.293
-10.5814
-10.2626
-10.9268
-6.64429
-12.9919
-4.15423
12.4209
23.2072
22.4241
23.2445
18.9336
23.2072
13.1129
28.7312
24.2951
28.9173
29.9108
27.6691
28.2445
28.2311
28.5813
31.4462
31.4348
31.1624
31.5032
31.4464
31.4439
32.0045
31.3056
31.6222
32.7091
33.7011
32.2434
15.7324
15.2505
14.7041
20.4562
2.12297
9.59127
-12.5625
-5.36495
-6.58103
-7.39751
-6.6994
-14.8431
-21.9451
-13.2201
-22.797
-24.0306
-31.5325
-31.7973
-31.7215
-29.5297
-32.1984
-32.4652
-29.1455
-29.9513
-28.5935
-32.2483
-31.9302
-27.2218
-31.7778
-30.8842
-29.6629
-26.7443
-16.1208
-18.9485
-14.7289
-17.757
1.73636
-6.54014
-7.82403
-1.15904
-0.122852
-0.142971
1.7873
9.72449
-1.24593
19.0284
19.2092
21.4306
25.2414
22.9992
31.1863
31.3282
31.1685
31.2823
31.6146
32.471
27.6122
25.802
29.0615
23.7556
15.4871
-0.88771
-0.638107
-6.0114
-0.661621
-0.907146
-20.9633
-21.6994
-16.3948
-28.1655
-23.1788
-31.5028
-31.1126
-33.7485
1.33929
1.37841
10.3447
7.76909
19.5647
19.5626
17.5285
14.6591
15.1188
31.6326
32.0791
31.9194
31.4944
30.8129
32.609
25.6462
23.0426
25.0175
24.5773
-8.02546
-6.77184
-14.7561
-18.2008
-17.0618
-26.7938
-31.6632
-31.9988
-31.602
-31.5665
-29.393
-4.96601
29.6954
30.855
-8.65667
-23.3769
-24.2564
-30.9624
-28.9428
-29.1573
-31.9596
-30.3767
-3.52665
32.4453
22.6227
23.9133
16.6007
-10.2498
-28.1894
-29.4394
-21.9938
-31.2967
-62.2799
68.9185
49.876
-58.9691
-66.0142
-60.5968
-56.0881
-41.7194
20.4765
-5.24666
-56.7546
42.3763
45.0384
0.0355416
0.029196
-65.236
-65.4313
-66.2221
-68.0472
-68.2388
-69.4123
-65.7818
-52.8228
-42.2003
-48.2474
11.1703
67.8352
-64.7842
-71.2544
-58.9016
-49.8194
-59.0499
-58.6696
-60.381
-51.5394
-51.0747
-42.1972
13.4628
9.71645
12.8473
4.18198
13.8526
28.8331
50.3125
53.1003
51.7986
52.9746
70.0339
65.8399
59.477
65.3557
59.4758
62.1692
61.9407
61.1374
52.9007
59.5035
57.9376
61.1314
14.0562
24.941
19.4002
14.4481
-49.0386
-69.8198
-53.2085
-52.4818
-44.7344
-35.4316
-31.8913
-32.4115
-26.9045
-27.6143
-24.0103
-9.12345
27.8932
28.635
49.9641
42.5639
52.766
62.2024
68.5695
68.6956
68.5738
68.6803
69.7095
69.0468
71.0633
71.7166
72.8292
70.771
32.7224
34.3594
5.12624
-69.209
-71.4103
-69.4243
-69.1023
-70.8211
-61.6751
-65.4406
-22.9269
60.0267
65.189
61.4777
64.3771
63.8087
68.2387
68.8563
71.8274
45.3933
35.9632
21.3973
-11.6826
-14.4605
-15.2226
-15.6059
-28.2687
-14.8402
-16.7178
-32.8639
-28.9995
-50.8046
-52.1894
-72.0364
-69.9339
-71.0091
-70.0777
-71.7376
-70.2317
-72.0621
-71.0658
-60.9432
-14.7418
-17.0948
-15.2012
43.837
69.8663
71.6406
71.3995
71.6727
64.5429
61.3368
54.3581
59.5237
-13.0997
-1.71371
-1.66441
-13.4795
-36.7747
-71.9356
-71.8046
-67.3646
-68.512
-59.9998
-61.8111
-42.8291
-40.3233
-41.5513
-37.5166
-2.96514
-0.576393
4.38015
-0.609468
22.6872
49.095
44.4043
56.6045
71.9464
72.4203
71.0734
-47.6744
-49.2224
-64.4142
-73.0855
-65.6894
-67.5228
-33.9406
22.9311
32.7055
69.6
70.1386
71.4415
-40.2403
-41.273
-58.9309
-60.648
-69.6197
-71.7422
-71.105
2.65321
17.2781
38.9575
44.4236
70.3074
72.1839
70.8848
51.9404
56.3838
57.9841
-14.7743
-15.1405
-17.8896
-32.0795
-37.9935
-69.7865
-72.1288
31.2461
39.8941
44.1396
71.0466
57.0579
-53.2997
-11.8939
-69.0893
-66.7238
-20.1372
-105.786
72.0673
-106.989
-105.633
-111.669
-115.869
-85.4009
-76.4865
-86.7976
-67.6389
-77.8111
17.5245
109.716
-95.2017
-96.8732
-94.8624
-93.7222
-81.1237
-84.2439
-68.61
20.367
16.5631
110.185
105.093
100.455
85.7823
-79.4905
5.93169
21.4606
46.0601
83.3695
82.01
81.4665
83.6751
95.3136
97.0111
110.354
113.632
100.718
95.5712
95.7912
93.0307
94.8192
39.4811
31.5259
22.5591
-79.1518
-113.633
-85.7735
-85.7404
-87.1504
-72.4147
-52.8057
-57.4502
-42.9788
-39.3436
68.3432
79.8318
111.906
111.164
111.23
111.029
114.266
116.962
114.422
116.264
55.452
53.0427
9.1081
-116.372
-111.06
-110.536
-14.1927
-26.1118
-25.6511
-14.4224
84.0307
99.225
106.954
9.06256
-111.665
-113.568
-114.068
-112.336
-114.36
-104.61
-99.3817
-37.6049
84.6993
102.204
103.98
104.54
105.958
114.938
73.9289
57.9294
34.9338
-18.6709
-26.2711
-25.2449
-53.034
-46.4289
-54.0156
-82.1427
-114.976
-114.186
-113.701
-113.627
-116.181
-112.585
-113.909
-103.789
-99.3047
-26.8672
-24.3631
-27.2812
110.821
113.81
113.859
103.55
99.2678
94.4564
88.0031
96.0728
-3.04101
-20.7048
-110.073
-60.4069
-1.47914
-5.3561
7.74728
71.497
71.2028
80.3143
116.431
115.983
-2.22246
-60.3859
-114.647
-114.398
-107.893
-109.849
-96.1429
-65.2305
-69.2908
-66.3723
37.0423
91.1767
114.199
115.992
115.329
-75.7745
-77.117
-79.4106
-104.14
-117.565
-107.503
-55.2945
52.0914
-114.239
-115.515
26.5515
36.6292
113.976
113.148
-23.2942
-50.4317
-65.2512
-66.3849
-94.9089
-96.4731
3.57532
26.6439
27.112
114.336
115.095
92.5019
90.0237
85.0011
-27.7508
-23.3847
-28.1938
-112.107
-114.423
-114.045
49.3013
62.9063
71.0459
70.9827
114.02
115.894
91.2385
-137.216
-142.356
-139.711
-138.782
-125.155
-120.628
25.7894
29.1731
148.655
7.45351
7.49578
31.2442
78.618
124.81
156.238
137.912
143.578
142.764
139.265
57.6255
32.8403
33.1828
-115.628
-128.086
-125.85
-107.099
-62.3821
69.2904
100.226
113.234
124.148
120.989
150.929
162.87
165.166
164.635
165.32
166.554
166.358
168.831
168.305
168.386
150.26
47.72
-168.586
-125.492
-127.713
-85.5504
-79.5217
-86.5653
-74.1148
-74.9446
-58.8284
172.002
170.382
82.8159
76.7067
-170.398
-163.484
-42.8984
-32.6627
125.88
147.554
160.057
14.7793
-166.609
-168.415
-163.774
151.594
153.286
153.698
170.776
-170.527
-167.109
-156.126
-146.007
-56.9485
157.027
109.759
86.5776
87.6426
52.6464
-26.975
-33.7321
-38.8744
-38.8734
-34.1106
-69.3282
-80.2285
-121.525
-170.725
-171.755
-167.509
-169.3
-168.891
-168.28
-153.649
-147.693
-38.7937
-36.3555
131.315
168.205
168.323
168.437
154.756
146.333
141.995
-5.1733
106.082
170.956
155.214
132.327
-2.28331
-29.6633
-161.785
-163.547
-90.0756
-9.00378
-3.29945
12.8271
118.355
119.734
135.349
171.131
-90.2834
-171.804
-171.136
-161.489
-143.395
-104.401
56.458
135.743
-112.715
-116.411
-154.234
-156.955
-158.68
-97.9553
-99.1605
170.441
169.861
-83.8679
76.9799
-168.804
-171.616
53.814
169.272
168.676
-141.237
-55.1812
-59.4947
-60.7454
-57.09
-54.7832
-36.2225
-87.8944
-66.5372
-36.4465
-61.6935
-36.1879
-61.2158
-38.4116
-38.1054
-32.8988
-33.1348
-10.4857
-10.596
-18.8942
-10.519
-8.56793
2.61053
-18.7902
2.6319
63.0251
84.6943
27.705
100.983
91.2824
27.4836
27.7269
32.5242
32.2462
51.2713
32.7806
32.4869
51.6093
32.541
169.048
32.8332
84.2529
150.831
30.321
31.7577
35.0184
35.2592
30.4956
31.9425
34.9737
44.0229
61.9084
30.2961
31.7032
58.9025
27.0614
44.391
133.354
118.573
130.184
58.4923
26.8747
42.8104
11.4264
11.5525
11.4655
-23.1167
-28.0687
-23.3029
-22.8244
-40.53
-22.9575
-42.5135
-96.4272
-42.1874
-40.2514
-22.7888
-97.0797
-71.8077
-36.6886
-71.2956
-113.289
-40.62
-66.786
-59.8848
-36.9537
-40.324
-59.4217
-36.6815
-60.2528
-59.017
-164.92
-66.3536
-68.1854
-70.5896
-64.1429
-42.2444
-63.7345
-42.454
-77.6309
-71.8283
-101.845
-102.429
-71.3652
-44.7127
-38.2935
-15.5398
-44.4445
-38.4981
-15.6087
-15.4955
-12.2006
-12.294
-22.3691
2.97214
-10.1349
-22.1994
2.97587
73.1902
32.2953
106.475
32.0641
37.8997
32.3256
59.7408
37.6592
33.5257
38.0685
98.2528
38.364
35.2749
40.8482
37.0252
35.46
37.2461
41.1184
40.8534
37.0142
51.3483
35.2139
31.6041
37.8667
68.0894
31.4312
38.4119
49.7716
13.4736
-27.0797
-33.0461
-27.2769
-33.2758
-47.1121
-26.7322
-49.5794
-112.249
-49.2722
-26.5799
-25.9331
-29.1092
-83.6011
-26.1091
-28.9285
-25.949
-131.917
-43.055
-29.0801
-47.4446
-77.8426
-69.4524
-65.8974
-68.6811
-42.8028
-47.1094
-74.8924
-82.4265
-77.4662
-56.6101
-74.5037
-49.4545
-49.6736
-90.9979
-83.9827
-119.314
-119.894
-52.3081
-18.1812
-52.021
-44.691
-44.934
-18.2691
-14.2026
-18.1756
-14.2502
-11.9956
-2.2015
-26.4646
3.40522
-2.2039
37.7668
37.5952
44.3791
69.8868
44.0988
32.3975
44.7242
32.2429
32.4023
44.9843
114.993
114.437
47.9127
43.5924
41.3845
48.1259
41.1954
43.3575
60.1661
37.0877
36.8875
33.2282
79.9813
58.0574
57.7956
15.798
-32.0602
-39.3292
-58.0261
-31.277
-54.9673
-30.4305
-57.7339
-31.1028
-30.6175
-34.0398
-97.6863
-30.4502
-33.854
-97.2254
-154.243
-55.5777
-91.1416
-34.0186
-50.4199
-57.0776
-81.5076
-50.1461
-55.2636
-96.2194
-90.4468
-43.0711
-57.8746
-87.0634
-58.1087
-139.735
-106.591
-98.2169
-97.7914
-61.1472
-60.8475
-21.2482
-52.1778
-21.3549
-21.2356
-2.66508
-16.5774
-2.64725
-14.3007
3.77377
-2.65407
44.1817
43.9789
51.9059
81.6978
51.6497
37.8342
37.6666
52.4538
52.7568
37.8681
134.044
56.3477
51.0259
48.3264
65.9187
70.4212
64.512
50.7864
48.1142
43.4799
43.2702
93.3175
67.3866
18.5107
-37.6644
-46.573
-67.908
-64.13
-36.5904
-35.5917
-36.398
-39.8162
-35.8191
-114.226
-35.6281
-39.6416
-106.638
-39.772
-59.0261
-65.098
-106.187
-64.7955
-95.5794
-43.574
-58.7152
-109.975
-66.2539
-99.6074
-66.4838
-160.201
-112.457
-122.232
-112.058
-59.633
-69.7509
-24.4468
-24.342
-18.8584
-3.05446
-3.04756
-16.592
4.13913
-3.06011
50.3932
59.2071
93.5432
43.3029
60.2159
43.0904
60.4951
119.378
117.814
153.646
64.554
58.4389
55.2601
55.0305
58.1742
80.6501
49.8505
49.6402
106.624
76.9486
21.2328
-43.4103
-41.8293
-73.2564
-77.6887
-77.4216
-72.9933
-41.6679
-40.8282
-45.5664
-41.0355
-130.776
-45.3772
-40.8692
-67.5789
-74.6104
-45.5324
-121.686
-74.2775
-67.3284
-110.073
-109.665
-121.878
-129.696
-117.554
-117.907
-78.4992
-144.62
-132.865
-82.7249
-70.2324
-28.8822
-70.436
-28.8325
-22.0979
-3.68545
-20.0516
-3.67515
4.6003
59.4904
110.385
110.7
51.0729
71.2853
50.8654
71.5607
68.9797
65.1047
76.2978
64.8719
95.2968
95.5892
58.9796
25.1581
-51.586
-49.3771
-86.2105
-91.3848
-49.1848
-48.4808
-154.436
-53.6087
-79.8522
-53.7395
-143.848
-87.8857
-79.5909
-130.15
-129.746
-149.418
-140.366
-135.525
-135.883
-90.4353
-153.337
-95.5167
-80.8284
-33.3799
-81.0169
-33.2673
-4.32301
4.96191
68.6586
127.173
127.499
58.8427
82.3391
58.6402
82.6105
88.0261
79.5161
74.9891
109.892
110.211
68.1206
29.0345
-56.8869
-99.1525
-105.295
-56.6994
-55.9147
-61.7855
-92.094
-166.001
-150.209
-149.782
-296.107
-506.479
-384.745
-428.496
-485.238
-425.112
-228.799
-285.747
-314.591
-215.839
5.44
84.4906
200.248
140.242
127.303
310.89
421.827
261.211
326.994
317.038
205.377
393.118
221.739
221.703
19.2719
-19.6
-29.7445
-19.5114
-275.369
-189.455
-329.004
-231.938
-640.368
-599.344
-363.017
-421.958
-255.478
-685.047
-610.428
-371.229
-418.811
-440.078
-332.68
-366.259
-247.446
-198.409
-275.045
-185.356
3.6
170.068
121.54
121.606
268.562
363.06
226.236
282.587
272.15
177.619
338.31
190.4
350.017
-16.24
-16.204
-25.1354
-237.146
-570.517
-576.155
-284.828
-552.789
-518.02
-571.333
-518.408
-625.129
-313.369
-363.851
-578.561
-512.608
-372.899
-351.362
-312.087
-280.997
-305.896
-540.938
-209.574
-422.71
-234.736
-154.497
-338.582
52.1362
140.305
140.277
227.233
306.179
238.14
228.722
300.034
284.251
159.015
-12.72
-12.6381
-20.5547
-198.564
-487.633
-239.613
-483.897
-466.002
-527.525
-436.56
-263.693
-528.685
-306.568
-486.857
-429.436
-312.144
-235.51
-291.78
-261.885
-255.468
-520.069
-448.517
-176.444
-486.235
-399.129
-356.724
-290.312
-127.862
-197.772
-127.532
51.2716
146.025
114.283
572.169
256.311
189.877
422.058
235.424
254.688
132.314
-16.6
-16.5115
-165.162
-410.825
-405.727
-389.242
-363.166
-441.002
-256.43
-354.737
-261.093
-217.718
-241.896
-501.771
-489.76
-211.341
-435.958
-461.386
-372.085
-401.439
-299.623
-328.114
-246.234
-166.43
48.676
104.471
76.3074
114.214
93.4956
477.954
509.721
549.504
550.768
357.476
357.029
194.752
214.194
203.442
-4.0
-15.6818
-385.075
-337.466
-302.59
-322.505
-342.926
-302.467
-365.971
-405.112
-288.017
-406.772
-356.994
-397.677
-372.907
-299.764
-326.07
-298.49
-263.166
-243.742
-263.868
-202.622
43.9745
86.8641
67.2729
88.5725
74.1305
244.962
275.883
481.596
361.126
601.601
658.395
387.88
570.847
415.103
446.547
447.785
293.995
176.662
157.472
156.865
176.398
203.495
169.506
169.978
103.473
-2.56
-320.377
-279.159
-275.199
-261.357
-245.326
-245.423
-296.505
-628.391
-328.473
-240.746
-240.277
-234.039
-252.804
-264.049
-260.995
-197.15
-171.448
-148.315
34.4114
252.68
247.062
190.998
-215.795
-204.509
-185.82
-181.426
-158.289
42.5745
42.2088
41.3055
244.21
222.926
188.836
-216.08
-211.37
-192.795
8.15853
41.7136
46.0709
120.712
117.949
190.631
239.67
215.255
215.707
210.807
210.384
86.6591
-174.797
107.191
116.652
184.298
245.795
250.067
251.722
225.292
208.328
73.4567
49.2671
-254.27
-190.92
-193.626
-162.019
-133.199
-124.845
-109.654
-92.2308
151.307
183.218
165.696
248.411
258.622
249.464
-260.479
-249.383
-243.242
-90.8316
-41.9164
-69.6022
-41.3104
189.831
218.636
258.355
125.838
112.959
25.1031
-252.384
-257.476
-252.526
-246.033
-246.725
240.339
-258.286
-251.685
233.939
232.728
237.403
228.334
227.528
258.575
167.823
-39.4957
-57.3266
-60.9134
-49.5153
-38.6752
-122.179
-182.153
-255.304
-254.616
-239.477
-90.1985
134.423
83.6905
81.6437
-107.963
-258.201
-258.298
-252.232
-252.369
-249.776
-251.863
-233.812
-243.915
-228.406
-223.19
-56.2596
-55.5554
255.213
254.039
256.744
256.319
236.138
219.916
216.636
200.196
-9.43927
-42.5944
-41.7306
-139.563
163.387
258.195
-1.03739
-1.1764
-139.516
-242.262
-7.57114
22.4726
183.149
179.038
207.577
257.081
-261.68
-261.266
-243.592
-217.653
-161.862
-150.804
88.3165
259.681
261.569
-168.277
-175.951
-235.801
-230.465
-237.244
-152.92
-128.755
255.403
-263.977
54.2977
80.3088
78.5875
252.274
-149.371
-209.525
3.15799
54.8386
255.704
-48.7012
-111.393
-251.6
157.975
258.453
252.631
197.828
201.676
-253.827
109.206
145.633
160.195
261.926
202.266
-288.21
-260.391
-221.277
260.902
-296.769
-285.872
-293.527
-264.986
-258.198
-254.031
62.7537
54.1418
264.794
311.772
-235.144
62.0031
161.221
332.154
293.452
296.802
115.407
152.836
159.945
347.531
344.61
315.988
105.416
66.3228
-350.734
-265.099
-260.676
-219.358
-147.032
-122.69
-121.005
226.699
203.627
251.336
257.109
347.253
357.236
344.838
354.067
350.804
-262.928
-172.834
-184.065
-145.952
224.963
221.487
357.719
359.49
353.87
156.179
173.955
153.693
-356.677
-344.638
-338.883
-130.111
-104.284
-49.7041
268.879
305.548
40.8269
39.8365
-351.163
-336.092
326.754
-345.205
326.315
356.606
-363.631
-357.184
-353.154
-87.1319
318.354
323.543
331.932
236.94
186.032
118.071
115.812
-79.0976
-51.5823
-67.4996
-88.3092
-77.8786
-175.26
-248.467
-332.192
-129.426
187.673
119.15
116.861
-152.638
-360.116
-359.572
-353.762
-353.856
-353.151
-353.24
-353.205
-342.048
-344.128
-336.534
-316.294
-313.18
-80.6252
-71.5528
-79.151
353.474
347.504
349.057
357.194
353.665
306.189
284.521
299.459
301.02
279.855
-15.8897
360.326
331.481
287.004
282.267
-54.3644
-196.83
227.512
1.9244
1.71237
-192.748
-360.15
-337.662
-14.5434
37.138
258.399
253.843
288.114
360.107
-359.965
-353.787
-353.6
-333.592
-293.239
-225.819
-221.816
125.631
361.529
355.777
-236.885
-226.151
-318.987
-362.982
-213.291
358.696
362.892
356.757
-227.905
-321.613
-327.85
-181.146
-362.341
107.531
353.388
353.181
-290.072
-150.231
-207.556
217.873
218.453
90.2615
353.883
480.14
487.597
481.288
488.998
446.878
153.148
-493.597
-355.182
-362.662
-302.125
-250.794
-247.431
-195.303
-159.133
278.371
349.113
344.885
482.725
477.886
-263.421
-245.8
304.197
-496.216
-186.622
-155.238
380.558
375.547
416.184
502.581
503.6
497.328
244.207
209.363
65.7381
-491.781
-466.745
-55.5239
454.427
-468.086
495.332
-499.245
51.0979
443.8
451.923
-90.7755
-341.695
-361.691
-488.557
-462.611
-457.185
-187.591
-113.929
50.8166
464.404
335.611
266.545
168.359
-67.1757
-132.413
-106.244
-254.277
-250.692
-480.243
-465.433
-459.995
-217.92
-214.925
-494.492
484.739
489.114
426.133
416.114
-27.3533
-498.119
-491.196
-491.102
-490.666
-491.192
-471.625
-440.075
-437.739
-115.571
-90.1091
490.612
484.76
501.567
464.708
459.017
403.913
398.835
-67.0969
490.695
327.16
9.40336
-278.408
-497.116
-277.701
60.6728
59.4961
357.403
-468.267
-27.961
359.693
402.874
499.649
-495.494
-489.428
-465.192
-405.024
-319.073
-315.103
183.554
501.578
495.644
-322.787
-437.245
-497.893
-498.483
497.978
497.498
-311.75
-444.848
-439.837
-301.294
-452.23
-263.19
-473.344
-461.754
-457.639
-339.083
-243.073
397.358
394.051
460.689
456.449
629.912
629.026
629.987
637.544
-355.101
-656.487
-256.48
-219.162
-253.674
504.311
542.37
537.725
658.407
657.721
324.79
268.349
101.216
-654.34
-648.015
-217.974
-215.439
-55.9106
540.09
535.483
100.514
99.0152
-645.011
-612.553
589.448
-620.389
-614.886
-662.611
578.269
601.221
595.459
650.662
68.4251
-114.045
-187.233
-347.19
-440.869
-478.216
-650.64
-644.817
-621.776
-616.621
-610.597
-262.18
-140.683
-139.766
618.536
453.753
363.766
359.968
233.841
-82.0914
-137.639
653.72
-295.897
-292.806
-655.401
546.607
-44.4524
-653.65
-646.651
-645.796
-645.933
-646.018
-624.848
-589.962
-571.865
-104.125
-103.749
640.793
640.24
657.702
570.858
-44.7964
-157.213
609.705
538.973
533.535
-76.1335
649.711
441.409
22.8515
22.2442
-371.896
-381.21
94.7889
-656.5
-608.489
481.441
661.138
-611.199
-47.9479
540.739
535.659
664.108
-610.18
-525.96
-430.568
-426.265
257.927
255.023
-418.575
-653.587
-653.724
-647.536
-528.252
-432.69
664.313
657.915
-401.074
-397.761
-582.613
-552.752
-423.814
-311.368
-1.2
77.6038
134.054
124.581
175.167
204.33
184.729
339.813
692.792
388.907
308.128
454.17
482.152
389.718
266.758
238.056
260.892
281.812
-69.1052
-69.4279
-167.691
-240.725
-193.072
-374.287
-352.759
-333.945
-548.4
-52.5442
-6.60314
88.9445
159.558
151.599
216.67
252.567
228.057
262.184
420.737
263.287
591.069
378.923
478.919
555.24
291.024
321.109
352.148
290.157
-81.2126
-75.4308
-202.114
-296.28
-235.035
-453.288
-278.851
-434.202
-412.787
-673.635
-262.757
-65.3953
-14.0196
99.0346
186.202
304.069
275.151
262.499
504.689
319.892
251.605
571.277
456.259
663.203
423.625
381.931
347.838
171.783
171.882
123.694
123.618
-92.5249
-92.1079
-237.114
-355.921
-282.094
-281.381
-539.631
-334.333
-519.601
-495.958
-494.689
-314.971
-219.965
-240.209
-114.916
-81.1655
-24.4482
212.248
315.073
328.944
362.476
601.376
300.675
398.835
542.951
682.541
510.517
451.991
412.692
204.062
451.304
204.917
147.058
-104.709
-86.9551
-112.444
-333.89
-254.657
-254.752
-400.241
-237.188
-617.0
-590.654
-589.13
-252.331
-374.198
-375.111
-284.933
-260.797
-134.523
-99.5432
-43.7206
248.648
375.976
430.452
389.458
355.731
644.142
485.257
242.231
242.114
173.404
-135.748
-103.789
-166.582
-177.634
-392.077
-302.343
-302.347
-474.521
-281.755
-254.201
-291.892
-273.666
-265.974
-434.961
-302.763
-330.838
-189.158
-156.542
-154.526
-117.502
-117.878
-51.8161
5.84
247.54
412.795
214.956
279.722
200.275
57.3455
-158.069
-120.472
-205.734
-191.853
-451.643
-348.95
-349.941
-546.989
-326.357
-294.333
-786.376
-710.242
-752.692
-574.136
-445.458
-450.197
943.539
942.941
670.653
-667.473
-849.747
-730.739
-702.532
-646.662
-580.721
-494.015
-393.475
50.9374
94.5079
236.01
775.413
811.51
811.553
879.399
875.462
583.336
-735.952
-727.479
-706.738
-676.328
-676.692
-616.275
-588.582
-272.129
89.7008
136.076
185.841
297.778
392.763
647.235
735.405
793.38
792.412
275.122
-533.062
-531.727
-533.038
-227.233
120.078
342.32
430.217
434.996
707.669
884.428
1008.99
1008.85
864.967
659.576
326.893
237.185
145.745
146.501
-937.244
-673.122
-628.933
-513.375
-519.709
-508.118
-519.723
-311.46
-235.691
-237.374
349.676
464.356
459.268
588.961
589.38
650.058
909.698
884.577
877.652
890.038
817.498
705.925
259.712
-770.758
-770.889
-612.9
-551.146
-519.726
-551.485
-458.765
-405.231
-396.438
-271.263
482.621
793.352
732.086
926.597
931.325
927.635
475.595
358.377
-890.974
-900.903
-326.781
635.264
823.52
820.508
814.041
406.414
320.667
-283.355
-48.7595
659.066
141.532
-809.653
-756.681
724.904
-757.236
807.558
-817.943
-760.564
710.574
746.079
-134.56
-537.101
-597.058
92.4419
781.035
584.478
579.471
-93.3417
-166.889
-250.288
-449.214
-444.984
-805.358
-769.503
-342.608
-161.32
461.039
303.951
819.176
-375.373
-818.713
791.705
718.424
674.253
-65.6231
-804.779
-804.284
-796.241
-796.21
-797.175
-774.724
-736.744
-697.897
-201.719
-109.86
787.149
816.438
676.29
771.74
-79.0886
801.56
41.573
40.7301
-486.183
562.805
-475.344
-488.175
134.227
-753.203
608.278
670.962
818.246
-821.401
-73.6565
673.557
-926.992
348.048
888.385
-937.996
-932.305
-1020.75
993.443
-1017.69
880.371
941.869
-756.0
130.734
-157.913
-331.823
-578.381
-653.042
-1010.81
-181.753
979.821
742.878
595.072
590.866
-102.291
-199.986
-1007.84
-967.185
-453.366
-181.482
1019.86
396.826
-487.722
-484.117
-1019.46
824.457
-97.017
970.97
976.895
1013.45
903.048
-1003.44
-1003.18
-996.43
-996.973
-993.899
-993.75
-974.268
-928.303
-857.97
-263.91
-107.029
863.041
966.784
960.648
-74.1409
996.839
70.4225
-608.042
-620.625
195.608
-770.388
-769.412
-778.246
-645.522
-550.404
-111.771
349.854
754.395
797.405
-454.529
-535.707
-530.737
-679.069
-948.98
-952.256
-670.153
-786.889
-533.308
852.513
972.696
-548.351
-837.32
-801.865
-802.353
-653.4
-482.385
-804.079
217.138
853.707
853.659
793.216
-640.181
-968.484
-37.744
118.103
248.533
1009.1
810.615
1009.79
931.678
611.725
-118.282
-323.849
-504.086
-509.495
-754.338
-727.438
-50.0431
-50.76
127.385
438.764
500.602
823.7
743.721
942.16
611.565
-133.35
-369.988
-590.129
-843.918
-843.529
-804.691
