-10.0687
-27.4587
-69.0422
-99.0062
-110.847
-110.554
-155.739
-155.327
-126.139
-126.385
-119.934
-0.165102
-0.171536
68.1884
115.924
125.042
125.372
175.5
71.3524
75.4935
84.8821
85.0873
43.0376
43.1477
-8.43955
-23.9352
-59.9495
-85.6995
-96.2316
-135.032
-134.624
-109.201
-108.863
-109.399
-103.763
-76.9209
0.0396697
59.0783
58.8797
91.4599
100.868
100.563
87.0754
108.355
108.704
61.9935
152.22
61.7797
65.282
65.5376
73.7048
73.9311
58.692
37.0444
37.157
19.0784
-6.9126
-20.2556
-20.3509
-72.7327
-50.7432
-72.4243
-107.983
-132.739
-81.5214
-114.296
-113.888
-92.3256
-139.028
-87.2781
-92.4036
-92.0711
-64.8878
0.181393
0.152002
47.1662
49.7571
49.5552
77.8347
115.504
85.4826
85.2011
132.809
73.7297
91.7037
52.397
128.923
152.81
55.2733
52.1919
55.5625
119.531
62.4763
31.1278
49.9944
15.6458
13.4506
-5.86037
-17.7499
-17.8196
-63.4796
-81.1804
-63.1925
-63.5024
-44.2406
-105.006
-94.1358
-116.005
-71.2663
-99.3984
-70.9333
-80.5399
-121.273
-80.1947
-76.0
-56.5301
0.259884
0.221626
43.3149
41.4393
43.1111
67.9667
68.2066
101.008
115.885
64.365
80.0387
45.7043
133.428
173.231
112.585
45.4792
48.2839
48.5359
104.592
54.5789
27.0662
43.7867
44.0037
13.3443
11.5755
11.5256
13.2787
-4.85232
-15.2055
-15.249
-67.6245
-53.9889
-15.1736
-69.0426
-53.7407
-85.781
-37.7635
-54.2659
-90.0357
-80.3384
-132.33
-99.1922
-60.9792
-84.9067
-60.6441
-85.3167
-68.7648
-103.966
-156.516
-103.46
-68.3781
-64.7142
-48.2512
0.289556
0.294055
35.8013
36.8678
35.6091
36.6555
58.2864
58.5381
63.5498
86.4118
99.4097
141.183
98.9169
55.0003
54.7165
68.381
39.0313
96.7033
114.031
148.026
38.776
41.2747
41.5094
39.0463
89.5766
46.6456
23.0497
37.5702
23.1143
11.0954
9.69674
9.601
-4.05299
-12.9962
-13.0633
-57.4892
-32.0265
-12.98
-58.7303
-73.4388
-32.2318
-68.5643
-46.3854
-77.1367
-94.7682
-32.0465
-85.2584
-112.845
-52.1665
-51.8371
-72.4798
-72.9053
-58.2705
-58.6889
-55.4337
-133.926
-55.067
-58.2593
-41.1058
0.296031
0.337337
30.7648
31.3606
49.8812
31.1682
54.2491
119.93
133.657
84.8254
120.604
46.6363
46.9709
58.7633
58.3663
46.6795
161.822
82.6947
97.9632
33.2743
160.905
126.432
52.4028
35.2623
33.0933
33.3055
35.5195
35.2946
40.0909
76.6335
39.8599
19.5671
32.1425
53.4617
64.3049
66.0912
53.7935
19.7205
45.0413
9.28211
8.05151
-3.41255
-11.167
-11.2704
-39.214
-49.139
-63.6393
-27.4146
-50.0765
-11.1875
-38.9403
-66.7275
-63.0746
-58.7625
-27.6431
-39.8039
-80.9063
-66.279
-58.3034
-27.4468
-73.2105
-96.6773
-44.7986
-62.1043
-44.4538
-62.5206
-49.8863
-114.32
-75.9908
-50.3248
-50.1769
-47.4167
-115.075
-49.484
-49.7968
-47.0404
-35.2235
-34.9266
0.325088
26.3316
26.5115
26.8097
26.6
42.9037
63.3328
62.8458
46.4926
102.745
114.361
72.6574
103.451
39.9204
40.265
50.4312
50.0545
70.5529
39.9727
138.74
45.211
84.1182
71.0366
137.816
108.443
109.165
30.2352
44.8849
30.5086
30.2595
34.4116
65.8182
34.1414
27.5853
16.7401
56.3973
64.6588
55.5374
46.1243
46.393
16.8533
38.988
-3.39608
7.81126
6.77901
5.88529
-20.3465
-31.9538
-18.661
33.5918
13.2891
-14.1169
-14.5066
-21.9226
-27.4993
-23.3271
-29.1992
-31.0122
-14.9693
17.5332
27.298
31.5253
31.5817
33.0722
32.7056
24.5029
12.3305
2.34853
3.12874
-13.158
-18.1296
-16.2914
-13.7466
-19.755
-20.1185
-26.2298
-30.6905
26.254
31.9796
30.3867
32.9496
33.8614
11.7975
14.2205
12.4085
-13.4089
-21.2292
-22.7057
-21.9599
-18.0553
-18.6659
-18.6418
-23.4888
-13.9303
-24.3216
-25.7052
-25.9103
-23.8374
-22.8585
-29.045
-23.3501
-31.5067
-31.2716
-31.852
-31.1966
-31.8337
-21.7406
-22.4401
-21.7073
-23.7999
-22.7739
-22.7097
10.0367
13.7865
13.6449
17.6515
14.245
16.3069
17.7166
19.2158
16.2643
14.1239
18.3517
21.1395
25.1221
22.8087
29.6303
31.484
31.1351
30.8488
31.0072
12.9864
24.4548
11.8981
13.0512
1.68369
13.9287
7.56836
8.70754
12.5626
-7.77167
-14.1673
-8.83054
-5.88306
-5.59952
-6.95027
-9.13582
-7.40711
-21.5292
-21.226
-14.61
-16.5434
-27.9185
-28.5433
-25.5551
-23.207
-28.5049
-29.5251
-30.3499
-31.4063
-31.3689
-31.6104
-31.2524
-31.7509
-29.4873
-22.0898
-22.7892
-22.0565
-25.907
-22.0898
-31.1061
-13.9404
-23.1462
-13.5542
-11.4926
-16.1445
-14.9505
-14.9782
-14.2515
-9.55529
-9.75871
-14.5861
-8.54608
-9.55251
-9.59708
0.34088
-12.0481
-6.43595
3.20633
0.368976
4.53827
27.8677
28.0999
28.3632
25.5914
31.8655
31.4442
29.4378
31.9543
31.5292
31.2437
31.4878
29.5607
23.2171
31.0103
22.4562
23.6951
8.02572
3.33208
4.67607
-10.7995
-3.16688
-2.40362
-11.8986
-9.59381
-13.4772
-3.02399
-3.93381
-16.7184
-11.6176
-12.618
-13.9854
-17.2529
-27.1309
-25.7683
-27.8017
-26.3424
-31.5873
-31.1204
-31.048
-31.424
-31.4824
-33.3556
-32.6807
-29.9056
-33.7412
-25.1585
-24.9969
-23.0128
-20.0419
-24.6949
-5.37217
-2.85673
-5.68743
-3.67095
4.8366
2.3871
16.2812
18.3079
14.6587
20.599
27.4363
31.5394
31.5253
31.2038
33.0743
32.9884
23.4302
22.7727
27.5108
13.9739
24.3223
-0.238742
6.67911
-0.233321
-32.0608
-33.3482
-30.2133
-31.1138
-25.3433
-25.3452
-27.1621
-29.725
-29.3144
-6.25121
5.00798
5.46492
6.68052
8.62964
3.49264
19.2256
22.1404
19.9294
23.6055
31.0241
31.4624
29.6384
26.5615
27.5789
17.961
5.70836
-0.241038
6.79313
7.42242
-11.1906
-31.2092
-10.799
-11.2446
30.2789
21.2743
22.086
9.34049
-13.9785
-13.3649
-12.1573
-13.9295
-31.7863
3.9607
22.6106
23.9254
27.4493
30.2464
15.0647
-14.2356
22.5097
3.41498
-36.0284
21.4481
51.3289
-39.7214
-30.0766
-40.7968
-44.9433
-57.7778
-68.8236
71.8381
-45.003
57.9573
56.3353
71.6072
73.6285
29.9133
29.3798
27.2193
27.9821
26.7517
19.218
-30.3948
-47.9462
-57.4848
-53.8003
-70.4
22.6061
29.7072
3.44648
-40.6532
-51.381
-42.8921
-43.2418
-41.6679
-49.7992
-52.6574
-58.0664
-70.3529
-71.2624
-70.5023
-72.6061
-72.4436
-67.5357
-50.9813
-50.3479
-52.4843
-50.5542
-15.2273
31.1546
39.8655
31.8175
39.8672
36.1798
36.4927
40.9723
48.5473
42.4749
43.9151
40.9778
70.2163
68.5209
69.3839
72.2104
52.3664
16.6019
-47.5916
-48.2598
-55.9408
-62.689
-63.9848
-63.7944
-65.8101
-67.6034
-68.1648
-71.492
-65.3814
-67.0673
-50.6287
-58.6753
-49.945
-36.7609
-21.4121
-20.6022
-21.3842
-20.7008
-14.0931
-18.3477
1.11937
-14.4905
1.16454
9.64219
63.6806
63.0814
71.3247
17.3063
7.17139
-20.3582
-21.052
-17.3486
-36.8563
-31.7013
-68.8346
-38.9798
-30.0416
-40.1814
-32.2599
-33.8129
-26.7525
-22.7878
7.3894
56.1191
63.0216
69.0729
70.7851
70.1107
69.9256
71.6299
65.753
71.9852
71.1139
64.5914
67.4141
50.4461
51.843
10.29
-13.0902
-8.66132
-12.4975
-5.66064
-17.4424
-13.4986
-15.6452
-37.0188
-69.6085
-69.242
-71.7464
-57.291
-13.0868
-12.6734
-6.91428
-13.4424
32.0908
36.48
46.5343
41.7837
69.9316
72.6959
72.7078
72.071
61.1216
-6.94367
-7.48324
-24.7962
-22.3239
-39.1498
-40.3527
-57.6814
-59.2082
-60.9763
-62.4531
-71.7298
-71.6299
-72.558
-73.7694
-68.3434
-52.3052
-57.4056
-44.5966
-8.13929
4.9475
10.4949
53.8498
52.1666
32.1587
-0.1088
-27.2295
-28.0114
-63.2347
-67.6844
-64.094
14.4654
12.2471
14.8357
58.5901
60.079
39.8269
41.0076
14.6698
15.1019
-0.124676
-72.9773
-70.8538
-60.1403
-57.3846
-13.4718
-13.8149
11.272
49.4305
45.344
43.8723
70.0345
71.8459
70.57
65.1644
60.8444
16.8161
12.4998
-65.16
-61.5783
-56.962
8.50699
44.0514
49.0691
-72.1035
21.292
-25.0008
68.981
-48.0634
91.2938
44.3367
49.0031
30.408
4.90629
-76.8857
-85.8844
-78.1204
-93.2843
-87.3982
-114.965
36.1109
-65.3965
-66.5322
-68.4674
-69.5647
-83.0124
-80.6631
-93.2943
-114.541
-115.807
36.277
49.1616
58.9497
79.5046
85.8012
-115.754
-113.656
-106.464
-79.8264
-81.632
-82.3538
-79.4206
-64.1318
-64.6701
-35.381
-26.2539
57.8425
64.1592
63.8892
69.543
67.8218
109.684
110.985
113.784
85.4278
26.2276
-77.2143
-79.5362
-78.4746
-91.0928
-102.618
-100.634
-107.384
-110.208
-94.9914
-85.3479
-28.958
-33.4956
-33.0946
-34.325
-22.8891
2.47105
14.9755
15.189
101.488
104.458
116.205
11.2067
-33.2727
-34.3781
-114.129
-113.637
-113.656
-116.132
-78.9483
-59.4879
-42.6836
115.704
27.3675
27.804
15.684
-26.9942
-27.4569
-49.9268
-60.2667
-110.492
-78.8835
-53.7757
-54.6892
-52.7631
-47.8847
12.433
90.2166
100.429
110.929
115.106
112.577
112.918
102.649
106.817
104.476
82.2788
-9.75889
-13.6479
-21.3245
-21.5475
-13.8722
-24.677
-20.7006
-50.2996
-59.5774
-111.747
-113.71
-113.589
-32.5283
-21.9419
-20.7342
50.679
59.6228
65.5273
74.3815
66.6153
116.341
113.907
-36.5148
-99.3708
-115.596
-115.905
-115.89
-91.7143
-92.02
-84.7071
-11.9532
7.28787
117.012
99.2846
-11.3787
-12.607
-39.9628
-40.6964
-63.4576
-94.6779
-92.3284
-96.2839
-109.275
-71.2811
-12.4949
-12.6732
16.4315
86.5556
88.1303
85.0842
52.3628
0.498022
-45.3412
-101.555
-103.244
23.5465
0.461755
-111.962
-109.471
20.4987
22.9854
113.045
103.706
94.6814
96.3122
64.8313
65.9295
-116.737
-112.453
-114.523
-21.1986
18.7025
70.7391
73.124
80.0929
112.084
113.537
114.011
27.7293
19.0891
28.2435
-104.419
-96.5922
-91.4691
-91.5348
14.4651
14.7333
71.2678
-102.783
-97.2007
-100.074
-103.988
-118.593
-122.147
-170.591
-169.54
86.7868
-170.7
-172.611
-168.379
-152.938
-117.668
72.0047
101.296
95.1428
96.0265
99.8271
162.315
167.602
169.407
126.519
-116.293
-118.048
-135.705
-159.847
-157.396
-140.949
-130.091
-119.431
-123.808
-81.773
-53.0635
-49.9042
-53.6193
-48.8244
-40.1933
-41.565
-33.4525
-41.998
-40.6917
84.7344
164.643
37.4371
-117.699
-115.956
-147.979
-152.182
-149.664
-154.115
-155.956
-162.093
4.77004
21.134
151.005
153.189
15.5121
-52.3002
-167.074
-169.913
-117.031
-90.137
-65.4997
171.746
39.8044
40.2052
-50.4449
-78.8034
-79.6449
-78.3283
19.6584
22.2505
-39.1261
-73.0742
-90.1736
-162.943
-69.3417
131.887
148.059
149.805
163.735
170.223
168.125
168.187
168.187
170.099
157.373
152.39
123.066
-19.8522
-15.9929
-36.5208
-31.4805
-32.6329
-34.3524
-75.9298
-87.2145
-166.995
-167.244
-111.468
-35.5581
-33.6312
-31.79
74.2515
88.953
96.8617
171.021
-135.105
-18.7642
74.4569
109.955
171.928
169.388
-54.8777
-55.5201
-145.937
-170.906
-172.215
-171.416
-123.32
-124.7
-104.808
9.54572
146.444
-17.7278
-20.2304
-60.2931
-96.0724
-137.194
-162.433
-105.114
130.7
126.364
78.2721
-67.5167
-68.3021
-140.187
-141.838
-17.7481
23.0864
-151.154
-154.726
33.8849
1.99529
-163.197
31.5599
33.2374
97.7852
-9.9351
-0.293809
-2.95012
-2.46182
-9.83564
-12.4243
-32.6458
-30.1313
-12.5259
-29.478
-12.4122
-29.274
-39.6779
-39.419
-41.8685
-42.1571
-40.2749
-40.6014
-111.017
-40.2958
-74.1344
-52.5435
-110.274
-52.8784
-134.63
-129.345
-24.7781
-130.023
-117.323
-24.6239
-24.8197
-15.2689
-15.1698
-19.8031
-0.0796722
-15.2394
-19.9234
-0.0783823
-30.0684
-0.0490883
9.76551
19.8536
13.887
14.1805
13.3693
13.4413
13.9576
14.2863
13.3687
27.4171
34.603
13.8449
14.1794
59.7433
25.1182
27.6887
103.35
93.5549
106.966
59.2856
24.9608
71.7263
49.0788
49.5118
49.1363
67.2662
94.7465
67.8214
22.7484
45.3373
22.9149
43.8873
90.3814
43.5603
44.9972
22.7183
90.98
37.9345
6.94369
37.6225
35.7294
5.45836
17.9108
6.32732
6.99495
5.45561
6.25646
6.9745
-2.95673
-0.29549
26.211
-2.94011
-0.275618
-3.42395
-11.493
-14.5385
-11.419
-14.6355
-34.997
-34.2171
-37.6419
-37.8208
-34.0275
-46.1116
-48.8009
-27.5489
-45.8403
-49.091
-27.72
-27.545
-46.8974
-47.2459
-129.285
-61.3316
-86.3972
-128.561
-61.7099
-157.281
-28.9208
-136.715
-28.7333
-17.8006
-28.9279
-23.1489
-17.6826
0.245358
-0.105338
11.1683
-0.0651954
16.1562
15.5916
16.5764
16.2304
16.6455
15.6518
15.5644
16.5543
32.082
16.1548
29.3267
42.4345
69.2905
29.1409
42.1901
83.7558
57.7278
78.4188
110.693
78.9832
111.318
52.8131
26.7186
51.3135
105.849
50.9922
26.548
16.1324
11.4755
43.9886
16.2636
11.4143
16.1874
42.0783
8.09979
11.4294
6.42834
20.7709
7.19635
-2.91373
-0.287226
8.05811
6.39086
-13.3234
-4.00445
-3.51376
-0.317556
-13.2332
-17.0922
-17.193
-40.7503
-39.9011
-43.7606
-43.9782
-53.848
-32.1981
-53.5564
-57.1382
-57.3925
-32.3484
-54.8665
-32.1861
-55.1796
-101.117
-33.3896
-150.452
-72.2634
-33.5126
-33.8642
-33.6545
-20.7743
-27.1892
-20.6747
-3.8957
-0.134434
-3.86667
-3.89475
-0.118337
12.8495
12.8081
18.2132
19.5449
19.0091
18.2837
18.882
19.4446
37.6615
34.339
34.1714
48.1824
81.7137
98.2457
97.7519
67.6238
92.3604
130.322
60.2795
31.2699
61.8564
18.9215
59.9287
31.1262
19.0263
13.4415
51.2345
18.9178
13.3463
50.9911
49.8251
7.6096
24.1694
13.4378
9.45657
-0.297661
8.34574
9.38836
7.53415
-4.68874
-4.23443
-0.348232
-20.0907
-15.3743
-20.1999
-50.816
-47.4743
-46.5098
-46.3138
-62.844
-62.5821
-37.62
-66.828
-37.7668
-37.6136
-39.2659
-64.4451
-39.0533
-118.261
-84.5935
-39.2448
-39.6045
-39.4355
-24.2726
-31.9191
-24.1812
-4.53244
-4.49414
-0.14091
-0.186327
-4.51783
14.6849
21.3646
22.8945
22.2093
29.7538
44.1804
30.785
22.8242
22.1249
40.1929
40.0
95.8277
114.663
79.1372
107.891
152.407
70.7719
72.4304
36.6443
22.146
36.4458
15.7498
22.2725
59.6457
22.145
15.6895
28.1215
15.7446
10.9571
8.96966
27.9797
8.93634
9.60368
-0.307166
10.9154
-5.3097
-23.1308
-17.4603
-23.2047
-57.781
-53.0162
-54.1072
-52.8292
-76.5578
-71.5438
-43.1949
-43.0227
-73.7317
-44.9572
-44.777
-135.411
-96.8833
-44.9192
-45.1769
-27.6904
-36.6633
-5.12549
-0.200105
-5.12162
-0.229316
8.25911
8.72518
16.4601
24.4391
26.2898
25.4602
25.3663
26.1786
50.7419
46.0284
45.8415
109.983
131.624
90.6897
123.461
42.0084
83.0147
81.3083
80.9925
82.716
41.8673
25.3691
18.1007
25.4691
68.0056
18.0111
25.3666
12.4448
10.3792
18.0531
31.8819
10.3346
12.3957
10.8362
10.8012
-6.06023
-6.27148
-20.4115
-20.4635
-27.5635
-63.5007
-62.2459
-84.5987
-90.4868
-50.9115
-90.7471
-50.7331
-87.0111
-52.8822
-159.85
-53.0362
-114.119
-53.4069
-43.476
-43.6155
-6.01389
-0.318968
-5.9843
-0.311376
31.143
30.0791
28.7623
29.9898
60.1483
60.3589
54.3515
107.075
145.651
49.6909
98.2233
96.0871
49.5366
30.0316
79.8675
21.3125
14.5687
21.4118
37.3273
12.3585
14.5144
12.5261
12.4805
-7.18332
-7.26533
-23.2718
-23.3559
-31.9664
-71.3943
-97.3199
-104.421
-58.6337
-104.689
-58.4296
-60.9832
-131.684
-61.6404
-50.3859
-50.5115
-6.90225
-0.386445
-6.89712
-0.39467
33.0791
36.0485
34.7146
69.5939
69.7692
62.6846
123.556
57.4059
113.496
111.27
57.2698
34.5871
24.6994
16.6335
42.6642
14.0621
14.0574
-23.9776
-261.072
-202.312
-257.113
-287.979
-307.42
-197.274
-293.698
-486.558
-349.847
-305.4
-248.275
-551.466
-249.834
-236.19
-177.922
118.696
136.769
200.43
302.85
226.339
498.237
354.953
354.833
244.818
343.8
408.375
342.652
311.019
163.784
126.497
87.938
229.833
196.58
52.3932
44.6897
-19.8483
-17.0359
-227.466
-221.807
-252.309
-223.753
-173.782
-268.016
-252.701
-170.031
-420.127
-303.949
-263.4
-477.895
-214.912
-215.175
-152.837
103.181
118.147
174.145
261.49
196.37
431.444
306.376
502.184
297.0
297.128
352.868
270.174
256.978
301.422
110.752
203.498
173.527
257.318
173.578
137.438
43.7201
37.2191
-8.25085
-197.672
-186.533
-215.58
-185.449
-145.699
-227.132
-435.727
-212.406
-515.965
-353.088
-256.739
-539.658
-678.401
-404.362
-404.51
-128.422
88.1567
147.929
221.837
422.996
365.776
258.076
251.4
250.426
297.828
228.923
250.481
94.3848
215.157
176.832
120.258
149.914
35.2046
120.501
30.1163
-1.94135
-171.037
-153.465
-121.284
-182.223
-154.802
-192.383
-419.548
-368.71
-177.575
-452.803
-479.472
-428.885
-450.493
-215.369
-292.909
-635.676
-567.895
-662.583
-338.316
163.541
74.8138
186.069
429.582
306.082
352.174
216.751
250.2
248.765
192.725
207.22
178.102
152.051
127.932
104.156
24.1509
-145.613
-126.39
-128.101
-153.423
-339.637
-320.677
-161.227
-346.083
-402.395
-311.486
-380.621
-355.328
-403.897
-372.886
-243.145
-475.819
-672.132
-587.901
-555.168
-283.308
140.61
286.427
401.637
402.614
357.548
357.135
255.619
290.726
649.683
345.6
270.609
469.235
146.266
108.961
129.444
169.966
108.924
89.2721
2.23832
-121.537
-279.351
-279.001
-263.137
-332.177
-255.547
-314.354
-254.555
-331.58
-285.004
-332.418
-299.774
-384.495
-453.457
-478.086
-544.65
-230.337
-514.687
-548.763
-482.897
-320.147
-178.881
-129.834
117.324
274.834
235.452
324.792
325.757
289.016
235.553
208.577
207.784
235.153
606.133
524.063
525.72
573.271
281.4
380.233
136.013
117.925
107.598
90.228
90.2601
74.4461
96.814
4.86722
-103.498
102.255
112.6
64.669
6.09228
6.12962
-172.556
-196.979
-213.131
-261.688
79.6275
77.9883
182.437
-145.981
-155.123
-185.141
-180.933
-207.637
-259.299
-259.273
-252.992
77.1638
129.106
180.296
-152.928
-149.714
-179.551
-259.809
-255.934
-255.56
-236.484
-230.86
-176.949
107.847
154.881
153.813
150.619
151.299
249.684
195.754
-236.776
-228.188
-178.51
-74.0497
-63.5239
-59.447
123.505
148.988
246.035
255.855
53.1711
-182.562
-178.215
-207.863
-225.857
-232.89
-235.815
-246.323
-216.765
-190.511
-201.42
-75.4913
-50.3381
-72.8969
21.4425
-83.3509
-81.0725
-243.703
-258.839
-247.6
-252.812
-173.717
-137.17
29.3882
228.177
230.358
256.582
57.8162
21.2591
-81.4209
-82.1429
-79.3473
-102.153
30.8708
-56.5295
-118.994
-120.432
-101.279
-116.316
-117.651
32.4604
196.633
259.079
251.617
251.309
252.287
253.218
225.853
187.681
30.5965
-57.0704
-108.623
-247.549
224.827
251.474
245.913
239.641
-27.2337
-28.5903
-50.153
-48.5588
-78.7677
-54.4571
-119.162
-78.3545
-116.136
-128.48
-253.016
-253.302
-50.8485
-53.7393
6.88581
0.941018
109.766
136.229
143.992
162.05
256.927
259.3
252.955
-220.499
-202.858
-31.2604
265.708
259.309
221.747
-85.0329
-260.66
-257.86
-187.06
-183.068
-158.342
11.5938
-34.2917
-28.5065
-92.0051
-149.207
-208.044
-211.035
-244.505
-24.871
32.7356
199.813
195.036
121.387
118.525
-105.301
-213.835
-225.721
47.9041
6.40396
-251.877
-249.644
-243.858
49.6747
214.363
147.992
-259.451
-254.808
44.397
255.334
238.792
67.634
-202.733
-42.8676
-42.0896
165.853
159.673
36.9469
-239.333
-219.163
-204.845
37.7229
164.338
-222.306
-254.885
-283.172
254.104
-198.748
-220.356
-205.177
-242.442
-252.819
-249.018
-353.385
-353.543
-240.971
178.799
269.76
-356.366
-321.449
145.727
211.913
205.27
340.331
-327.338
-318.759
-92.6208
-98.9821
167.421
341.655
351.368
68.2476
-247.688
-254.449
-285.023
-328.74
-343.421
-337.761
-285.995
-297.631
-262.712
-251.183
-100.334
-78.5962
-105.592
-67.6104
-77.5133
-245.588
-314.212
-305.588
-325.927
-283.548
-278.694
17.8013
36.5981
36.2648
327.003
313.351
321.259
26.1212
-120.907
-118.547
-338.945
-345.439
-359.967
-241.439
-198.067
362.892
356.84
76.4243
-117.477
-144.582
-116.584
-161.945
48.8853
38.5855
38.1921
-75.4183
-350.052
-167.441
-160.684
-135.996
269.662
304.077
342.743
336.881
353.086
353.59
353.298
345.924
347.293
313.083
261.045
-145.572
-339.359
306.557
345.556
339.664
330.443
-43.2487
-37.4742
-42.1838
-37.0247
-75.5782
-70.6991
-72.5787
-117.843
-101.992
-115.691
-166.596
-174.998
-353.04
-349.645
-347.141
-79.6801
-78.0492
-73.3384
12.226
47.4629
193.864
223.034
193.415
190.319
219.713
357.539
-48.615
148.445
224.699
221.444
356.506
-302.62
-274.752
361.736
355.882
299.795
-11.9694
-123.479
-362.128
-362.52
-258.092
-253.887
-216.151
11.518
-41.6425
-40.7841
-51.0223
-127.572
-205.748
-283.096
-278.532
-334.073
-2.91629
-2.82743
268.621
275.643
166.616
-42.0496
-290.871
-30.9618
41.0938
40.6467
278.04
168.068
-150.765
-307.829
13.5254
-343.401
62.6204
73.9252
209.846
331.039
295.649
-449.314
-449.113
491.85
-349.657
-135.825
-119.648
-119.183
-98.1512
225.278
475.252
85.6076
-356.599
-346.016
-400.052
-438.798
-433.504
-462.152
-475.526
-419.322
-364.649
-360.318
-137.301
-147.799
-423.935
-431.021
-395.974
29.83
-467.507
-477.515
-332.887
-328.874
-281.204
33.6949
42.9456
42.7865
435.871
453.478
499.735
99.177
-173.809
-493.266
-212.991
-167.592
76.0639
44.3144
-500.621
-238.862
-216.706
494.891
369.456
347.395
-97.166
-192.968
-191.119
-463.424
-486.232
-497.628
-179.795
367.092
421.229
467.483
492.187
482.809
485.215
433.57
428.24
-150.506
-193.953
-192.073
455.855
450.335
-47.3028
-109.769
86.327
263.485
271.183
495.996
-69.895
-103.598
-105.436
-113.905
-103.678
-165.254
-236.049
-242.008
-488.763
-491.899
-120.192
-118.33
24.4972
197.316
195.315
302.938
299.662
495.154
-75.1094
-378.875
500.079
419.306
-11.1762
-411.565
-498.314
-492.272
-346.951
-180.816
-502.783
-348.931
-295.373
7.08254
-81.6349
-80.2284
-181.003
-293.901
-386.894
-382.605
-461.668
-1.99498
-2.18293
378.174
233.177
-62.1383
-82.3697
-36.3663
48.624
395.272
237.549
234.64
-396.665
-217.807
-428.06
-462.671
-478.905
-474.076
-570.196
-614.478
-532.289
-527.4
-478.802
-474.542
-208.543
-196.892
-194.78
-178.179
-552.691
29.5812
-614.088
-628.156
-608.414
-428.687
-384.488
-380.542
56.3332
44.433
573.924
606.292
657.311
120.214
119.499
-625.418
-619.717
-653.949
-382.568
-378.599
654.415
648.439
119.166
-244.651
-293.543
-238.21
-235.531
45.1313
-319.238
-276.77
-274.53
112.325
-656.141
650.498
632.491
562.866
492.05
457.966
-117.738
-117.096
-215.146
-242.125
-240.33
-606.795
-646.955
-640.759
-223.615
474.158
553.528
548.555
616.342
653.54
646.708
89.2119
595.341
589.979
-55.7369
368.723
657.598
-106.718
-134.422
-147.434
-145.358
-144.054
-214.873
-301.642
-333.329
-656.299
-650.193
-171.044
-157.048
44.1135
335.898
660.606
-640.036
243.818
385.141
382.004
653.381
-114.092
-488.121
661.05
655.138
541.775
-540.864
-656.848
-6.18909
-248.571
-451.783
-4.13617
-249.947
-658.693
-386.082
-382.827
-4.38595
-241.958
-395.976
-502.735
-498.404
-609.558
-604.06
509.677
-122.652
-88.2519
-120.958
-397.972
-504.828
-38.2453
-38.2646
530.42
525.238
318.55
-275.985
-533.6
-494.374
-378.6
-400.865
-439.881
-275.156
-261.816
-261.681
-235.833
-52.6884
52.6901
71.418
45.8017
100.577
79.162
71.5714
215.399
195.677
222.712
251.248
390.015
391.908
374.321
341.482
187.928
277.44
99.9306
44.5051
33.4669
-273.042
-468.567
-493.879
-538.451
-339.471
-320.696
-322.78
-290.332
-29.9426
-60.9371
-30.2399
90.8218
58.9346
91.028
129.354
243.089
278.485
308.583
242.403
481.804
236.249
462.024
417.567
232.632
343.75
95.7582
127.756
50.4168
51.3657
-90.9399
-327.959
-560.234
-592.806
-647.469
-387.762
-349.426
-384.888
-68.3037
-7.73312
24.4309
112.229
73.9511
162.258
365.126
336.486
295.398
180.766
180.82
216.675
216.554
578.043
282.536
555.309
498.35
284.088
283.322
419.227
117.546
158.603
55.2163
55.1041
-106.906
-100.547
-102.091
-231.668
-391.739
-669.037
-488.999
-457.628
-416.461
-461.286
-75.6068
28.0902
28.4075
91.6244
138.478
432.298
404.463
356.09
216.499
403.73
217.327
259.839
691.534
238.439
337.708
342.408
128.921
128.97
144.311
59.1929
195.596
58.9241
58.7933
-11.972
-124.554
-124.802
-119.597
-117.986
-272.848
-464.083
-312.034
-580.445
-541.129
-546.754
-491.936
32.1783
112.43
424.402
258.229
258.173
308.378
400.68
282.116
194.666
191.658
408.651
151.926
151.94
175.078
69.3205
21.1362
-13.7953
-17.1413
-42.9992
-142.46
-135.827
-137.395
-188.58
-206.224
-315.173
-533.569
-535.217
-360.623
-258.6
-100.244
36.6432
137.684
299.082
357.078
242.307
461.685
325.847
222.907
225.156
476.364
174.4
174.91
205.213
79.3332
23.4737
-26.1074
-257.125
-584.291
-721.532
-748.213
-756.26
247.485
247.267
719.519
353.981
-535.499
-610.827
-628.608
-510.526
-661.184
-612.728
-645.36
-805.593
-1010.93
-933.432
-622.088
217.762
217.508
477.937
475.569
617.392
-481.901
-476.489
-451.372
-562.389
-563.037
-505.744
-537.321
-956.37
-844.742
-974.227
-786.048
-729.391
-935.939
-533.533
404.34
585.5
585.224
944.865
689.678
688.068
689.167
-797.269
-809.733
-777.586
-792.219
-800.221
-727.559
-292.731
-126.384
-126.416
374.265
484.516
894.906
782.908
852.344
857.601
105.198
-688.667
-687.363
-714.256
-812.496
-706.346
-812.982
-889.831
-871.278
-879.395
-669.596
-760.344
-751.494
-826.457
-598.259
-667.525
-282.267
-292.274
-279.93
-241.812
-134.347
323.036
742.313
102.782
103.38
-478.045
-548.462
-548.682
-548.496
-689.29
-662.521
-878.557
-716.426
-660.842
-633.035
-225.129
108.796
33.6448
108.849
825.374
871.255
20.3961
20.3082
-751.485
-524.346
39.9937
85.971
84.6433
711.039
755.172
-766.142
-819.573
-488.929
807.435
135.125
-323.608
-383.159
-309.025
155.295
39.9031
-295.581
-402.111
-330.0
805.28
618.951
560.818
-814.19
-261.756
581.846
577.931
814.207
807.172
785.314
692.001
686.888
-132.221
-283.857
-745.376
-800.585
676.947
761.79
67.3587
727.964
-60.8952
-209.258
401.719
470.998
819.051
-149.611
-164.483
-186.922
-187.281
-176.042
-256.756
-359.025
-427.639
-791.564
-810.625
-227.439
70.6542
460.016
287.922
820.015
-158.504
824.29
817.796
-661.919
-594.147
668.845
-664.126
-808.259
-325.313
-552.082
-467.436
-21.2762
3.55488
-816.827
-469.004
-428.859
-956.784
-504.335
-414.122
-410.659
24.2136
214.705
24.5063
-514.52
-394.018
684.273
-1007.77
1007.92
960.096
839.121
784.17
-143.946
-1006.38
-297.474
699.019
834.62
829.848
1015.91
1003.48
-143.814
-327.818
-914.792
-1003.33
-11.912
936.712
901.419
896.026
-62.3732
600.228
1015.66
-308.655
-281.752
113.19
473.614
-201.065
-208.38
-214.544
-207.545
-247.206
-249.12
-302.552
-424.367
-560.715
-988.081
-1015.62
548.985
330.306
329.118
1017.52
-226.143
1018.0
820.282
-804.577
-1003.64
-157.95
-109.55
-315.629
-503.94
-618.607
-1008.75
-773.871
-36.999
16.8489
617.073
685.176
677.352
377.495
-218.96
-146.286
-348.546
-640.848
-647.433
50.6454
38.5923
778.831
477.443
-435.086
-435.497
-764.254
-711.032
74.0478
-778.73
111.935
112.482
203.112
510.03
105.54
-796.036
-841.937
-919.479
122.464
168.95
122.2
248.276
510.931
820.694
797.421
696.532
704.22
614.932
238.822
-911.717
-921.2
-975.325
-627.606
-634.617
-92.7111
132.091
199.212
558.434
953.606
922.585
812.753
283.937
283.984
64.7078
