-1502.5
-1502.5
-1502.0
-1498.0
-1502.0
-1502.0
-1502.0
-1502.0
-1502.0
-1498.0
-1498.0
-1497.5
-1497.5
-1498.0
-1502.5
-1498.0
-1498.0
-1498.0
-1502.0
-1502.0
-1502.0
-1502.0
-1498.0
-1502.0
-1502.0
-1497.5
-1497.5
-1497.5
-1502.0
-1498.0
-1498.0
-1502.0
-1498.0
-1502.0
-1498.0
-1502.5
-1502.0
-1498.0
-1498.0
-1502.0
-1502.0
-1502.0
-1502.0
-1497.5
-1497.5
-1502.5
-1502.5
-1502.0
-1502.0
-1502.0
-1502.0
-1497.5
-1498.0
-1502.5
-1502.5
-1502.5
-1502.0
-1502.0
-1498.0
-1498.0
-1502.0
-1497.5
-1498.0
-1502.5
-1498.0
-1498.0
-1498.0
-1498.0
-1498.0
-1502.0
-1498.0
-1498.0
-1497.5
-1498.0
-1498.0
-1498.0
-1498.0
-1502.5
-1502.0
-1502.0
-1498.0
-1498.0
-1498.0
-1502.0
-1502.0
-1502.0
-1498.0
-1498.0
-1497.5
-1497.5
-1497.5
-1498.0
-1502.5
-1502.5
-1502.0
-1498.0
-1498.0
-1498.0
-1502.0
-1502.0
-1502.0
-1498.0
-1502.0
-1502.0
-1498.0
-1498.0
-1498.0
-1498.0
-1497.5
-1497.5
-1502.0
-1502.5
-1498.0
-1498.0
-1498.0
-1502.0
-1502.0
-1502.0
-1497.5
-1498.0
-1498.0
-1302.0
-1298.0
-1298.0
-1302.0
-1302.0
-1302.0
-1302.0
-1298.0
-1298.0
-1302.0
-1297.5
-1297.5
-1302.5
-1298.0
-1302.0
-1302.0
-1302.0
-1297.5
-1297.5
-1297.5
-1302.0
-1302.0
-1302.0
-1298.0
-1298.0
-1302.5
-1298.0
-1298.0
-1298.0
-1298.0
-1302.0
-1302.0
-1302.0
-1302.0
-1302.0
-1298.0
-1302.0
-1298.0
-1298.0
-1302.0
-1298.0
-1302.0
-1302.0
-1302.0
-1298.0
-1298.0
-1298.0
-1302.0
-1302.0
-1298.0
-1297.5
-1302.0
-1302.5
-1302.5
-1302.0
-1302.0
-1298.0
-1302.0
-1302.0
-1298.0
-1297.5
-1302.0
-1302.5
-1302.5
-1302.0
-1298.0
-1298.0
-1298.0
-1298.0
-1298.0
-1298.0
-1302.0
-1302.0
-1302.0
-1302.0
-1297.5
-1298.0
-1298.0
-1298.0
-1302.0
-1302.0
-1302.0
-1298.0
-1298.0
-1298.0
-1298.0
-1298.0
-1302.0
-1302.0
-1298.0
-1298.0
-1302.0
-1302.0
-1302.0
-1298.0
-1298.0
-1298.0
-1297.5
-1302.5
-1302.0
-1298.0
-1302.0
-1302.0
-1302.0
-1302.0
-1298.0
-1302.0
-1297.5
-1297.5
-1297.5
-1298.0
-1302.5
-1302.0
-1298.0
-1298.0
-1298.0
-1298.0
-1298.0
-1302.0
-1302.0
-1302.0
-1302.0
-1302.0
-1302.0
-1302.0
-1298.0
-1298.0
-1297.5
-1297.5
-1302.0
-1302.0
-1298.0
-1298.0
-1298.0
-1298.0
-1298.0
-1302.0
-1302.0
-1302.0
-1298.0
-1298.0
-1302.0
-1302.0
-1298.0
-1102.0
-1098.0
-1098.0
-1098.0
-1102.0
-1102.0
-1102.0
-1102.0
-1102.0
-1098.0
-1098.0
-1097.5
-1097.5
-1098.0
-1098.0
-1098.0
-1102.5
-1098.0
-1102.0
-1102.0
-1098.0
-1098.0
-1102.0
-1102.0
-1102.5
-1102.5
-1102.5
-1102.0
-1102.0
-1098.0
-1098.0
-1102.0
-1102.0
-1102.0
-1102.0
-1102.0
-1098.0
-1098.0
-1097.5
-1098.0
-1102.5
-1102.5
-1102.0
-1098.0
-1098.0
-1102.0
-1102.0
-1098.0
-1098.0
-1102.0
-1102.0
-1102.0
-1097.5
-1102.0
-1102.5
-1102.0
-1102.0
-1102.0
-1102.0
-1102.0
-1102.0
-1102.0
-1098.0
-1098.0
-1097.5
-1097.5
-1097.5
-1097.5
-1097.5
-1102.0
-1098.0
-1098.0
-1102.5
-1102.5
-1098.0
-1098.0
-1102.0
-1098.0
-1102.0
-1102.0
-1102.0
-1102.0
-1097.5
-1098.0
-1102.0
-1102.5
-1098.0
-1102.0
-1102.0
-1102.0
-1102.0
-1098.0
-1098.0
-1098.0
-1102.0
-1102.5
-1102.5
-1102.0
-1098.0
-1098.0
-1102.0
-1102.0
-1102.0
-1102.0
-1102.0
-1102.0
-1098.0
-1098.0
-1102.0
-1102.0
-1097.5
-1097.5
-1097.5
-1098.0
-1098.0
-1102.5
-1102.5
-1102.0
-1098.0
-1098.0
-1102.0
-1102.0
-1102.0
-1102.0
-1098.0
-1097.5
-1097.5
-1102.0
-1102.0
-1102.0
-1098.0
-1098.0
-1098.0
-1102.0
-1098.0
-1098.0
-1098.0
-1098.0
-1102.0
-1097.5
-1102.0
-1102.0
-1102.0
-1098.0
-1098.0
-962.5
-962.0
-962.0
-958.0
-958.0
-958.0
-958.0
-958.0
-958.0
-958.0
-962.0
-962.0
-962.0
-962.0
-962.0
-962.0
-962.0
-957.5
-957.5
-958.0
-958.0
-958.0
-962.0
-962.5
-962.5
-962.5
-958.0
-958.0
-962.0
-962.0
-958.0
-962.0
-958.0
-958.0
-958.0
-958.0
-962.5
-962.5
-962.0
-962.0
-958.0
-958.0
-962.0
-958.0
-958.0
-962.0
-962.0
-957.5
-958.0
-962.5
-962.0
-962.0
-958.0
-958.0
-958.0
-958.0
-962.0
-958.0
-962.0
-962.0
-962.0
-962.0
-962.0
-962.5
-962.5
-958.0
-962.0
-962.0
-958.0
-958.0
-958.0
-958.0
-958.0
-958.0
-962.0
-962.0
-962.0
-957.5
-957.5
-962.0
-962.0
-958.0
-962.5
-962.0
-958.0
-958.0
-958.0
-962.0
-962.0
-958.0
-962.0
-962.0
-957.5
-957.5
-957.5
-958.0
-962.0
-962.5
-962.0
-962.0
-962.0
-962.0
-962.0
-962.0
-958.0
-958.0
-962.0
-962.5
-958.0
-958.0
-958.0
-958.0
-958.0
-958.0
-958.0
-962.0
-962.0
-958.0
-958.0
-958.0
-958.0
-962.0
-962.0
-957.5
-957.5
-957.5
-957.5
-958.0
-958.0
-962.5
-962.5
-958.0
-958.0
-962.0
-962.0
-962.0
-958.0
-958.0
-957.5
-962.0
-962.5
-962.5
-962.5
-962.0
-958.0
-958.0
-958.0
-958.0
-958.0
-962.0
-962.0
-962.0
-958.0
-958.0
-958.0
-962.0
-962.0
-962.0
-958.0
-958.0
-958.0
-822.5
-822.5
-822.5
-818.0
-818.0
-822.0
-822.0
-822.0
-822.0
-822.0
-817.5
-817.5
-818.0
-818.0
-818.0
-818.0
-818.0
-822.0
-822.5
-822.5
-822.5
-818.0
-818.0
-822.0
-818.0
-822.0
-818.0
-818.0
-817.5
-822.0
-822.5
-822.5
-822.0
-822.0
-818.0
-818.0
-818.0
-818.0
-822.0
-822.0
-822.0
-822.0
-817.5
-817.5
-822.5
-822.5
-822.0
-822.0
-822.0
-818.0
-818.0
-818.0
-818.0
-818.0
-818.0
-818.0
-818.0
-822.0
-822.0
-818.0
-822.0
-822.0
-822.0
-818.0
-818.0
-818.0
-817.5
-822.5
-822.5
-822.5
-818.0
-822.0
-818.0
-822.0
-817.5
-817.5
-822.0
-822.0
-822.5
-822.5
-822.5
-818.0
-818.0
-818.0
-822.0
-822.0
-822.0
-818.0
-817.5
-817.5
-817.5
-818.0
-818.0
-822.0
-822.0
-822.0
-818.0
-822.0
-818.0
-822.0
-822.0
-822.0
-818.0
-817.5
-822.5
-822.5
-822.0
-818.0
-818.0
-818.0
-822.0
-822.0
-822.0
-818.0
-818.0
-822.0
-822.0
-822.0
-822.0
-817.5
-817.5
-817.5
-817.5
-817.5
-818.0
-818.0
-822.5
-822.5
-822.0
-818.0
-818.0
-818.0
-822.0
-818.0
-818.0
-818.0
-818.0
-817.5
-817.5
-817.5
-822.0
-822.5
-822.0
-818.0
-818.0
-818.0
-818.0
-818.0
-822.0
-822.0
-822.0
-818.0
-817.5
-822.0
-822.0
-818.0
-818.0
-702.5
-698.0
-698.0
-698.0
-702.0
-702.0
-702.0
-702.0
-698.0
-698.0
-702.0
-697.5
-697.5
-697.5
-697.5
-697.5
-698.0
-698.0
-702.0
-702.5
-702.5
-702.5
-702.5
-698.0
-698.0
-698.0
-698.0
-698.0
-702.0
-702.0
-702.0
-698.0
-702.0
-702.0
-698.0
-702.5
-702.0
-698.0
-698.0
-698.0
-698.0
-702.0
-698.0
-698.0
-698.0
-698.0
-698.0
-702.0
-697.5
-698.0
-702.5
-702.5
-702.5
-702.5
-702.0
-702.0
-698.0
-698.0
-698.0
-698.0
-698.0
-702.0
-702.0
-698.0
-698.0
-702.5
-702.0
-698.0
-698.0
-698.0
-702.0
-702.0
-702.0
-697.5
-697.5
-702.5
-702.5
-702.5
-698.0
-698.0
-698.0
-698.0
-698.0
-702.0
-702.0
-702.0
-702.0
-698.0
-697.5
-697.5
-697.5
-697.5
-702.0
-702.5
-702.5
-702.5
-698.0
-698.0
-698.0
-698.0
-702.0
-698.0
-698.0
-698.0
-698.0
-698.0
-698.0
-702.0
-702.0
-702.0
-702.0
-698.0
-697.5
-697.5
-697.5
-697.5
-702.0
-702.0
-702.0
-702.5
-702.5
-702.5
-698.0
-698.0
-698.0
-698.0
-698.0
-698.0
-702.0
-702.0
-702.0
-702.0
-702.0
-698.0
-698.0
-698.0
-698.0
-697.5
-697.5
-697.5
-698.0
-702.5
-702.5
-702.5
-702.5
-702.0
-698.0
-698.0
-702.0
-702.0
-698.0
-702.0
-702.0
-702.0
-698.0
-698.0
-698.0
-697.5
-697.5
-697.5
-702.0
-702.0
-702.5
-702.5
-702.5
-698.0
-698.0
-702.0
-698.0
-698.0
-698.0
-698.0
-698.0
-702.0
-702.0
-702.0
-702.0
-698.0
-698.0
-697.5
-697.5
-697.5
-602.5
-602.0
-598.0
-598.0
-602.0
-602.0
-602.0
-602.0
-598.0
-598.0
-598.0
-598.0
-602.0
-602.0
-602.0
-602.0
-597.5
-597.5
-597.5
-597.5
-598.0
-602.0
-602.0
-602.0
-602.5
-602.5
-602.5
-602.5
-602.5
-598.0
-598.0
-598.0
-598.0
-598.0
-602.0
-602.0
-602.0
-602.0
-602.0
-602.0
-602.0
-602.0
-602.0
-602.0
-598.0
-598.0
-597.5
-597.5
-602.0
-602.0
-602.5
-598.0
-598.0
-598.0
-598.0
-602.0
-602.0
-602.0
-598.0
-602.0
-602.0
-602.0
-597.5
-597.5
-597.5
-598.0
-598.0
-598.0
-602.5
-602.5
-602.5
-602.5
-602.0
-598.0
-598.0
-598.0
-598.0
-602.0
-602.0
-602.0
-598.0
-598.0
-602.0
-602.0
-598.0
-598.0
-598.0
-597.5
-602.0
-602.0
-602.0
-602.5
-602.5
-602.5
-598.0
-598.0
-598.0
-598.0
-598.0
-598.0
-598.0
-602.0
-602.0
-602.0
-598.0
-597.5
-597.5
-602.0
-598.0
-598.0
-598.0
-598.0
-602.5
-602.0
-598.0
-598.0
-598.0
-598.0
-602.0
-602.0
-602.0
-602.0
-597.5
-597.5
-597.5
-597.5
-598.0
-598.0
-602.5
-602.5
-598.0
-598.0
-602.0
-598.0
-598.0
-598.0
-598.0
-602.0
-602.0
-602.0
-602.0
-598.0
-598.0
-597.5
-597.5
-598.0
-602.5
-602.5
-602.5
-602.0
-602.0
-598.0
-598.0
-598.0
-602.0
-602.0
-602.0
-602.0
-602.0
-602.0
-598.0
-598.0
-598.0
-602.0
-597.5
-597.5
-597.5
-602.5
-602.5
-598.0
-598.0
-602.0
-602.0
-602.0
-602.0
-602.0
-598.0
-598.0
-597.5
-602.5
-602.0
-598.0
-598.0
-598.0
-598.0
-598.0
-598.0
-598.0
-598.0
-602.0
-602.0
-602.0
-602.0
-602.0
-598.0
-598.0
-598.0
-597.5
-597.5
-597.5
-597.5
-597.5
-602.0
-602.0
-598.0
-598.0
-598.0
-598.0
-598.0
-598.0
-463.115
-453.026
-438.382
-423.982
-435.321
-464.279
-468.349
-461.161
-352.052
-417.484
-371.086
-370.573
-412.068
-416.654
-380.393
-349.769
-419.794
-417.312
-393.403
-402.116
-354.277
-379.458
-413.993
-284.706
-304.184
-284.365
-297.708
-307.042
-318.623
-338.024
-287.5
-332.946
-281.894
-322.491
-287.37
-311.653
-224.094
-230.3
-225.035
-259.0
-224.507
-239.496
-265.799
-237.02
-242.67
-251.127
-256.603
-241.51
-245.95
-231.672
-238.078
-263.501
-238.78
-238.481
-278.692
-231.499
-241.539
-264.25
-223.025
-259.921
-277.469
-231.146
-235.423
-223.905
-266.795
-233.744
-215.85
-255.856
-160.99
-177.367
-201.866
-168.418
-148.031
-179.033
-196.452
-163.511
-208.867
-156.521
-186.207
-139.508
-197.936
-155.615
-139.688
-150.004
-178.195
-147.838
-143.907
-203.137
-153.371
-140.998
-150.592
-147.887
-158.219
-114.696
-87.5152
-120.354
-122.667
-110.049
-89.6141
-89.8875
-92.274
-93.6847
-97.7048
-90.7293
-95.3773
-114.69
-119.431
-118.345
-112.005
-93.7985
-93.8264
-117.512
-128.757
-94.7134
-99.8409
-92.9839
-84.6001
-82.7902
-107.279
-69.2633
-69.5082
-69.1381
-96.5036
-72.938
-71.884
-71.5855
-82.1151
-95.3738
-90.7683
-86.9388
-84.2058
-93.333
-94.8311
-77.2966
-73.1144
-74.2698
-89.509
-82.4361
-86.375
-128.9
-93.7362
-82.4519
-137.533
-79.0969
-85.2542
-74.0743
-128.716
-114.204
-134.54
-123.247
-74.3574
-76.5736
-128.523
-135.689
-109.976
-132.154
-78.1422
-70.3993
-128.061
-109.275
-135.648
-17.9466
-15.9956
-24.6014
-1.55058
-1.27641
-35.9671
-1.46953
-28.6011
-1.8251
-53.5713
-61.5328
-16.0719
-43.1543
-5.15588
-59.6497
-48.0987
-60.6591
-57.5269
-45.939
-57.0488
-36.0455
-7.24303
-37.4207
0.520944
-60.0829
-38.7975
-59.6496
-33.8284
-70.4082
-69.8761
-67.2525
-70.1326
-63.1349
-19.107
-35.6699
-19.5674
-28.7251
-56.2743
-29.8559
-19.3556
-13.663
-25.6378
-25.105
-25.6192
-67.3566
-67.3935
-20.0358
-31.2771
-51.7327
-67.2692
-45.0414
-68.672
-46.4031
-29.975
-47.3104
-21.8913
-48.6165
-47.2941
-5.64485
-16.677
-21.8034
-8.58922
-0.217776
-42.3098
-42.7522
-16.042
-41.5305
-36.3535
-9.76213
-5.6305
-14.3281
-20.2664
-23.6332
-20.0508
-21.9066
-21.6564
-12.4156
-70.1234
-14.3281
-6.08155
-6.67785
-34.5604
-52.9451
-62.6315
-30.7106
45.4321
57.2048
14.585
31.3234
62.0443
34.5407
10.1956
45.3272
8.62691
9.67636
48.89
65.753
10.6394
37.7226
22.4797
66.1662
37.2055
42.7197
61.1917
52.1062
31.6709
0.309051
9.12865
15.045
34.5683
37.7135
31.813
39.9639
32.7755
42.3387
37.4523
13.9404
32.618
35.5945
44.0922
38.1901
6.91319
17.8552
12.0105
59.0263
60.5603
38.5959
2.59344
4.56252
2.47565
10.6882
-0.141104
14.2972
5.06994
22.0489
64.8665
26.8021
5.43126
15.4576
48.5334
45.7022
31.4346
44.3427
48.7174
69.0928
68.0794
74.0754
77.073
107.487
119.527
128.405
111.608
85.0925
100.265
128.585
116.423
124.315
132.272
69.5484
77.5256
96.597
105.019
99.1746
139.997
74.8846
80.9476
128.488
103.427
133.606
111.944
107.195
115.137
137.869
113.985
139.283
104.912
94.1938
96.984
81.7015
93.1795
84.5865
114.869
70.1838
69.2558
107.671
92.8016
192.654
164.035
198.586
145.508
189.792
166.929
210.865
194.993
170.308
194.858
148.03
201.861
146.43
157.323
152.693
158.959
201.566
150.051
173.647
164.469
199.221
196.247
196.761
189.389
183.138
191.916
181.551
142.388
147.828
162.951
277.873
263.441
277.567
216.326
274.56
256.646
233.469
253.398
251.471
229.727
277.515
255.665
232.225
228.593
241.841
231.299
267.169
231.165
220.278
219.339
273.97
305.818
282.866
325.753
288.445
328.397
341.161
343.105
330.469
310.116
312.798
327.513
317.011
412.672
415.941
398.004
361.639
397.231
375.988
354.716
391.025
349.83
387.659
389.797
404.709
400.109
398.411
415.324
399.72
413.318
474.885
428.16
433.122
420.826
431.835
425.02
468.418
448.525
471.571
490.131
440.876
451.443
429.999
485.605
421.035
466.875
474.889
459.911
429.599
434.362
428.377
464.324
457.518
466.996
-444.575
-433.344
-472.79
-451.805
-427.336
-448.468
-477.016
-452.633
-489.265
-475.796
-450.692
-472.102
-443.634
-483.514
-489.252
-431.765
-457.172
-490.207
-432.646
-436.517
-484.218
-425.272
-438.065
-470.06
-417.67
-386.209
-379.692
-370.321
-389.845
-354.41
-403.084
-360.582
-405.342
-396.64
-400.514
-357.417
-377.643
-420.699
-411.587
-354.159
-387.246
-398.258
-376.794
-373.285
-382.466
-386.809
-360.355
-398.237
-381.832
-366.864
-407.582
-387.929
-394.466
-356.151
-403.321
-377.223
-399.844
-362.364
-380.041
-395.462
-342.811
-328.67
-335.723
-304.238
-314.165
-321.776
-342.791
-345.999
-291.73
-339.242
-282.842
-315.046
-346.221
-333.843
-290.557
-329.558
-338.363
-294.165
-285.987
-320.548
-343.441
-311.299
-320.064
-322.977
-323.123
-327.735
-338.295
-332.405
-281.416
-309.285
-292.075
-300.153
-342.335
-286.303
-349.475
-332.31
-216.923
-275.033
-232.725
-255.65
-249.45
-243.771
-244.818
-220.427
-217.97
-234.88
-264.152
-217.653
-217.956
-240.246
-223.526
-219.8
-216.356
-268.28
-259.449
-270.889
-280.153
-279.879
-267.236
-222.261
-225.256
-209.538
-269.879
-230.847
-212.572
-279.474
-275.894
-220.136
-271.719
-258.303
-192.895
-200.265
-194.721
-197.329
-191.967
-207.924
-156.421
-199.254
-187.496
-202.157
-208.481
-202.476
-184.265
-168.715
-169.763
-189.997
-159.986
-192.652
-162.183
-163.932
-172.446
-174.408
-185.361
-160.625
-141.832
-140.994
-196.798
-163.741
-142.269
-183.47
-145.767
-144.763
-142.942
-168.105
-173.774
-203.617
-151.562
-196.951
-165.286
-208.099
-172.384
-182.489
-172.911
-190.937
-157.338
-149.785
-195.937
-161.352
-206.894
-172.756
-163.732
-177.345
-161.293
-172.607
-149.15
-200.905
-165.497
-183.342
-195.443
-168.926
-150.563
-175.248
-142.517
-145.839
-157.707
-113.456
-105.9
-122.378
-116.962
-126.883
-117.434
-120.413
-108.805
-110.044
-120.974
-124.131
-85.0572
-87.058
-81.3518
-93.725
-137.184
-88.2681
-140.762
-140.108
-134.894
-133.533
-82.8871
-118.84
-104.007
-77.3109
-137.551
-80.5449
-116.594
-129.969
-130.212
-130.327
-113.887
-122.729
-97.2024
-117.391
-99.4972
-97.8021
-117.782
-114.229
-130.836
-138.529
-131.081
-94.2926
-74.8013
-93.5772
-87.4688
-73.1357
-75.9942
-105.825
-117.188
-85.2372
-101.387
-80.2086
-117.763
-106.625
-34.6395
-51.6483
-49.611
-69.3555
-23.6293
-42.7389
-13.8356
-19.1656
-55.4469
-49.8781
-0.743441
-62.3103
-34.2686
-11.5156
-32.7961
-62.5363
-62.6177
-35.455
-48.347
-27.1175
-35.9111
-40.8211
-41.1336
-62.9297
-1.69097
-69.2424
-0.918763
-21.8655
-42.3427
-45.2524
-60.8898
-23.2131
-18.4144
-23.606
-6.66438
-11.1172
-28.4657
-47.1058
-36.0143
-32.1822
-32.6393
-15.2844
-36.6149
-28.3965
-31.3952
-15.3406
-19.5956
-20.2689
-15.5707
-11.2558
-16.9156
-5.94193
-65.5534
-52.5374
-67.625
-69.5142
-20.7052
-10.8994
-60.2197
-58.6004
12.8494
16.9259
13.4075
29.7081
7.94088
13.6578
13.7209
24.5443
14.4377
52.8388
33.0842
4.88059
33.5897
1.84682
-0.653239
17.1803
65.6633
29.1406
18.1133
29.1495
34.5012
19.4051
47.151
49.3233
1.09853
58.3156
1.4247
54.0969
39.1057
50.9469
24.7085
49.9919
18.3053
43.2149
25.303
33.1801
19.3906
69.1719
21.8899
11.901
28.1238
16.7689
13.9344
29.3249
60.5549
45.6352
47.2807
14.6873
46.673
9.52905
34.6728
64.2112
18.9239
36.8281
33.9216
108.037
117.844
115.617
103.152
103.617
82.2126
97.1253
87.045
100.374
92.6124
90.1887
96.1742
101.449
123.573
127.435
91.739
75.4609
89.9616
109.079
84.6481
85.9929
85.3915
72.9059
88.5639
79.9289
100.133
96.21
81.0914
75.0121
108.973
91.4006
105.312
112.921
136.82
100.367
123.972
94.6193
96.8049
81.7789
85.2836
130.074
76.5439
128.517
91.8242
112.609
112.912
102.461
107.363
92.7785
105.709
111.654
108.009
120.241
128.073
75.9904
161.322
140.093
144.012
152.176
145.351
161.354
190.358
189.874
152.397
182.955
189.688
169.059
164.978
177.553
144.39
210.142
200.448
190.551
187.141
178.231
177.769
182.922
161.176
163.382
153.467
192.039
209.083
159.856
199.727
196.624
206.676
201.977
186.896
182.687
192.379
154.468
175.253
159.243
156.929
157.922
280.486
218.949
209.318
229.372
264.126
265.824
271.192
210.212
251.436
251.482
238.131
246.264
266.834
222.024
276.653
224.318
262.189
264.927
224.153
245.214
252.011
256.371
220.421
272.033
234.556
257.906
256.651
267.567
227.414
273.822
275.913
239.732
236.026
215.507
221.226
243.181
279.266
257.515
214.888
222.316
232.898
234.92
210.991
238.25
263.154
315.637
313.429
325.636
279.736
318.773
344.42
345.387
341.457
290.463
290.007
294.477
283.317
291.13
292.067
332.613
308.796
325.876
339.312
293.848
340.321
284.394
288.211
294.21
310.375
286.006
288.349
295.256
307.117
296.929
320.686
321.548
330.514
295.258
342.583
308.96
321.403
327.624
305.372
311.897
366.086
367.029
390.827
357.163
385.152
373.776
378.952
399.352
419.956
389.539
386.116
403.34
369.8
365.626
361.774
388.828
396.209
381.96
374.791
418.179
413.708
375.84
363.759
414.855
383.138
385.265
365.033
353.784
365.742
454.883
442.365
460.757
456.27
489.277
484.863
451.758
426.693
486.555
429.567
447.905
473.426
456.945
437.391
458.965
453.081
419.92
423.896
488.247
435.226
432.19
439.245
430.567
433.143
457.627
460.91
460.848
433.828
-466.559
-446.616
-479.597
-447.909
-467.124
-471.431
-423.201
-439.356
-482.326
-461.37
-488.645
-451.383
-463.103
-436.131
-451.064
-471.873
-441.368
-469.741
-435.358
-461.201
-470.409
-469.877
-489.815
-472.749
-487.701
-441.712
-446.993
-482.141
-461.642
-420.27
-433.227
-470.129
-420.31
-436.796
-478.726
-477.696
-457.152
-420.173
-445.287
-466.711
-490.495
-420.471
-481.286
-462.993
-431.89
-457.608
-461.963
-433.883
-474.185
-461.606
-473.577
-470.06
-466.99
-457.268
-439.127
-472.405
-456.714
-459.904
-447.451
-424.379
-471.339
-381.142
-367.645
-389.149
-365.396
-367.693
-393.74
-406.466
-361.609
-366.735
-381.667
-372.471
-391.216
-355.531
-388.097
-356.892
-361.623
-376.073
-375.518
-367.06
-372.575
-417.361
-365.096
-420.468
-355.826
-410.962
-360.487
-412.273
-373.15
-415.648
-416.474
-349.326
-419.97
-403.832
-369.49
-397.625
-365.399
-357.749
-380.127
-370.503
-411.767
-361.891
-373.591
-395.586
-406.436
-367.842
-406.251
-407.245
-416.486
-356.927
-401.705
-364.781
-358.693
-382.103
-394.149
-333.765
-339.071
-324.47
-290.992
-285.092
-294.452
-306.006
-327.654
-318.701
-288.699
-311.134
-299.621
-324.88
-297.444
-317.027
-296.696
-335.159
-335.164
-325.187
-304.324
-309.306
-344.642
-343.531
-331.838
-310.011
-319.68
-346.921
-311.923
-281.185
-313.727
-323.18
-324.818
-331.693
-330.242
-329.757
-295.122
-350.612
-282.647
-323.702
-309.1
-341.753
-286.03
-309.845
-280.839
-297.206
-286.134
-298.626
-308.644
-289.393
-281.092
-344.89
-312.531
-308.838
-292.839
-347.394
-317.131
-290.852
-266.007
-224.261
-274.989
-279.841
-278.329
-258.155
-232.92
-254.43
-254.712
-261.032
-261.737
-265.825
-256.345
-249.93
-226.277
-240.68
-217.503
-210.329
-219.707
-252.101
-226.246
-250.714
-229.663
-222.758
-219.046
-237.67
-265.246
-220.153
-263.311
-273.993
-277.263
-276.766
-239.665
-233.557
-269.741
-244.768
-221.982
-259.423
-267.408
-248.789
-263.868
-267.881
-230.72
-239.522
-252.915
-279.236
-273.459
-213.322
-259.191
-278.432
-217.674
-261.774
-253.912
-228.24
-279.845
-233.613
-272.138
-230.932
-231.264
-162.217
-176.135
-190.164
-152.844
-145.801
-210.423
-203.954
-193.381
-195.663
-203.596
-190.281
-190.474
-193.165
-162.67
-203.179
-178.573
-190.683
-180.825
-155.814
-193.929
-151.431
-143.926
-162.43
-209.703
-169.142
-187.3
-139.726
-185.897
-161.844
-193.367
-169.771
-160.769
-177.84
-155.676
-209.471
-206.521
-202.195
-146.416
-203.539
-202.208
-201.53
-201.852
-148.792
-191.705
-154.92
-156.932
-154.951
-157.37
-158.671
-185.975
-163.097
-161.673
-208.882
-196.258
-149.952
-202.671
-153.544
-200.242
-158.937
-139.82
-181.036
-178.554
-176.766
-180.036
-150.669
-203.471
-159.815
-141.704
-192.899
-178.07
-167.528
-76.4684
-76.7091
-113.483
-134.081
-120.595
-134.83
-86.0064
-98.8969
-117.032
-86.3189
-126.966
-136.336
-136.052
-129.109
-88.2916
-136.346
-136.089
-94.9212
-96.8166
-94.5094
-114.647
-134.393
-90.0709
-128.574
-135.148
-97.5878
-83.0189
-99.8753
-72.4694
-118.551
-79.9646
-83.5951
-84.6143
-138.042
-81.1568
-86.1461
-117.031
-117.413
-136.555
-114.864
-77.8387
-139.232
-125.294
-140.187
-132.6
-89.4646
-123.578
-95.6802
-95.2753
-86.928
-135.645
-88.0968
-73.7433
-129.98
-72.0368
-133.677
-131.529
-95.2464
-140.626
-121.756
-133.81
-75.28
-108.66
-29.5719
-53.3258
-50.7919
-29.8531
-22.5406
-23.6502
-64.04
-35.1978
-6.34164
-21.875
-2.39375
-37.3276
-17.3361
-67.5955
-38.7147
-26.3656
-40.9555
-69.6219
-16.2969
-9.31144
-48.3051
-68.6824
-17.7713
-23.1831
-63.1531
-32.9298
-58.3669
-59.1591
-57.9097
-35.5269
-11.8238
-54.9478
-61.0498
-64.9534
-6.45769
-32.5357
-19.4091
-32.1164
-67.6742
-15.6781
-13.5356
-17.2257
-53.3938
-14.2977
-37.8224
-37.0629
-43.717
-15.1644
-17.1219
-52.3742
-42.0354
-16.4094
-42.5483
-49.4937
-29.0094
-34.8709
-62.926
-70.6103
-46.8195
-63.8691
-22.0344
-36.9677
-70.476
37.4812
46.3932
26.0705
29.8567
29.369
26.4958
29.6162
30.2789
41.6107
36.1024
41.3742
40.4039
13.8095
16.5641
3.06532
9.24616
69.83
44.7618
36.5339
45.4408
16.8738
34.6344
-0.303131
59.9914
22.9569
39.4719
32.8801
51.6774
38.9708
1.02497
19.7074
39.1602
44.3491
30.2137
70.8594
5.40739
0.131584
43.0879
22.42
29.3368
10.5892
44.6777
47.0558
29.9217
29.1044
46.0146
40.0963
14.0338
37.7844
7.04657
37.6156
66.6506
24.8753
66.9516
11.1812
65.0249
42.4447
19.5777
27.1328
67.4555
68.6483
33.0768
67.6935
27.9754
45.8009
35.9052
70.6177
81.8622
72.2114
72.1596
133.708
83.8366
71.733
78.1424
124.749
137.642
138.858
125.731
115.715
108.6
90.1128
102.328
138.917
80.526
139.51
116.54
119.484
114.584
79.7703
127.14
86.9859
137.325
72.3646
120.183
87.8106
131.863
103.903
111.964
94.2827
69.3371
71.781
111.619
136.222
137.424
124.815
114.314
123.697
139.405
73.8284
82.7716
123.422
109.494
123.125
124.432
108.576
112.169
76.7076
101.64
80.4003
87.4912
108.501
91.9048
96.7328
133.284
175.542
168.571
183.212
166.058
139.554
169.077
162.087
200.987
180.299
201.287
165.705
204.811
170.283
154.486
196.309
206.797
174.987
203.541
171.248
144.66
153.231
152.822
188.975
191.02
159.504
147.447
161.915
191.448
174.262
198.139
207.718
166.955
166.255
208.96
143.263
189.595
204.092
169.222
155.857
190.854
179.18
150.757
191.425
148.715
166.726
177.44
194.296
190.984
195.527
207.946
172.749
190.047
202.332
151.081
144.691
178.203
141.419
158.357
165.661
199.4
180.918
173.105
184.195
165.394
193.782
168.762
178.974
177.974
200.043
210.177
170.191
141.433
259.815
229.843
262.675
263.375
248.047
249.922
255.936
236.913
271.752
243.061
275.069
239.521
263.11
240.694
271.786
221.312
230.917
274.58
209.931
272.644
214.948
211.814
270.435
232.956
256.086
255.715
271.471
279.767
258.732
222.462
215.073
267.802
276.685
250.091
227.961
273.632
258.895
232.977
236.75
215.848
232.596
254.535
257.668
255.272
271.098
226.626
298.945
317.224
306.291
334.904
350.446
305.42
318.446
332.791
306.676
304.605
319.715
294.033
309.427
347.65
307.479
286.434
307.437
342.031
281.448
295.931
289.127
294.115
289.031
283.854
291.475
348.598
285.614
331.447
293.566
327.058
350.572
299.916
342.322
298.998
326.458
296.081
301.696
332.346
321.677
325.757
294.623
291.77
302.154
307.182
326.925
373.54
399.88
394.868
414.259
400.679
413.691
412.503
405.539
377.849
349.287
355.458
391.681
369.152
417.961
408.802
359.717
394.926
366.467
351.203
365.893
376.098
404.499
358.699
411.781
412.303
412.193
379.119
408.366
380.216
379.223
353.252
415.654
359.579
358.246
384.309
387.973
352.162
394.702
401.989
415.717
403.932
401.386
362.257
367.8
383.323
393.03
375.978
417.824
389.983
402.316
409.475
435.476
420.016
448.306
447.823
481.637
454.284
423.034
437.845
429.584
439.159
458.138
422.709
448.104
483.216
450.613
431.469
434.961
478.757
464.264
452.686
445.642
424.535
468.743
423.318
488.804
429.849
469.632
424.855
488.926
426.842
454.772
420.589
468.728
475.118
489.646
453.274
457.571
460.637
424.503
455.652
424.358
424.745
462.025
427.192
480.559
472.788
458.709
446.629
478.723
484.83
485.516
490.832
478.882
437.735
464.199
465.894
459.953
484.27
468.897
465.58
442.683
-457.549
-458.249
-435.984
-426.326
-433.736
-443.867
-436.948
-485.322
-471.005
-445.637
-461.79
-450.058
-433.884
-476.276
-432.048
-466.578
-428.261
-442.934
-442.725
-447.202
-443.953
-435.812
-440.793
-465.71
-424.118
-474.098
-424.322
-450.9
-489.107
-440.015
-452.092
-456.293
-443.541
-448.487
-482.034
-452.974
-439.414
-420.082
-467.178
-455.841
-487.684
-473.663
-485.949
-428.378
-439.443
-484.64
-461.774
-443.522
-465.119
-463.673
-488.224
-443.339
-419.384
-426.655
-480.396
-427.476
-448.837
-468.686
-476.815
-423.16
-450.375
-425.805
-480.498
-465.811
-470.152
-451.0
-455.453
-463.43
-426.786
-425.873
-464.423
-473.263
-461.879
-475.812
-423.118
-451.391
-446.411
-455.637
-426.55
-432.687
-432.589
-431.831
-419.602
-489.382
-464.815
-430.09
-423.191
-421.755
-359.034
-411.452
-418.882
-402.08
-363.328
-412.949
-399.364
-363.921
-409.03
-371.659
-411.275
-414.762
-418.384
-376.458
-413.821
-394.062
-399.874
-367.957
-386.812
-399.61
-365.507
-388.792
-391.191
-364.373
-387.136
-374.198
-388.493
-373.044
-373.537
-400.697
-360.686
-366.591
-351.427
-407.958
-409.635
-400.312
-375.479
-356.692
-371.242
-406.123
-352.922
-420.439
-396.514
-412.083
-377.481
-365.603
-412.514
-380.454
-359.383
-396.482
-386.659
-379.987
-402.407
-358.058
-386.977
-381.765
-413.958
-361.929
-389.343
-351.758
-365.988
-374.821
-392.579
-369.773
-352.548
-420.533
-407.376
-389.036
-352.161
-383.543
-366.448
-403.438
-416.211
-373.788
-400.766
-361.31
-411.456
-402.481
-404.051
-418.708
-390.32
-417.082
-286.75
-340.389
-303.668
-307.702
-326.877
-290.4
-319.755
-343.112
-320.356
-304.618
-279.196
-280.063
-293.499
-299.555
-285.79
-339.301
-345.756
-316.873
-310.746
-316.51
-285.491
-350.644
-294.445
-291.573
-305.616
-306.394
-304.5
-331.229
-311.896
-337.248
-334.553
-339.526
-303.163
-287.18
-317.713
-317.943
-301.685
-302.309
-336.556
-318.048
-325.295
-329.78
-334.366
-280.031
-293.65
-333.432
-292.464
-342.399
-305.728
-286.92
-309.38
-346.034
-310.597
-330.412
-333.871
-290.819
-280.119
-289.544
-337.652
-315.604
-346.009
-296.03
-340.451
-309.851
-302.019
-309.607
-288.174
-318.471
-336.199
-315.542
-341.77
-307.166
-293.734
-279.09
-336.391
-327.39
-329.147
-349.373
-344.989
-340.734
-285.2
-338.274
-334.965
-289.006
-326.201
-345.218
-337.301
-305.613
-288.912
-334.245
-211.179
-215.214
-254.923
-268.833
-264.564
-272.476
-227.283
-279.259
-278.403
-226.715
-244.51
-274.495
-245.237
-260.348
-266.55
-263.187
-266.892
-270.099
-264.891
-214.35
-232.975
-227.492
-235.096
-252.843
-223.204
-262.686
-271.107
-252.431
-216.608
-276.663
-270.61
-232.867
-228.798
-246.103
-236.48
-228.507
-247.565
-245.892
-241.295
-270.648
-277.9
-255.098
-238.568
-244.444
-251.862
-271.626
-228.547
-233.093
-228.132
-243.863
-264.436
-231.161
-270.95
-279.817
-245.96
-262.817
-253.904
-279.286
-263.043
-222.706
-229.377
-224.02
-238.432
-212.865
-229.81
-256.497
-248.857
-235.02
-224.19
-273.511
-210.338
-223.251
-264.324
-235.773
-255.49
-249.929
-232.163
-238.613
-264.316
-230.344
-223.744
-229.333
-255.111
-273.37
-230.845
-253.995
-219.866
-222.475
-246.552
-245.484
-272.326
-240.65
-154.74
-188.346
-196.561
-195.28
-159.7
-193.766
-170.184
-207.523
-155.748
-185.66
-183.319
-139.801
-146.609
-143.746
-188.767
-162.348
-162.887
-167.818
-168.704
-142.795
-205.477
-210.509
-163.942
-190.448
-187.684
-201.075
-154.044
-171.287
-140.035
-197.362
-209.368
-141.628
-204.163
-193.318
-177.54
-205.629
-146.828
-143.295
-200.651
-160.879
-181.442
-172.072
-202.76
-193.636
-139.139
-180.986
-177.202
-197.768
-196.077
-149.797
-145.438
-192.037
-210.068
-140.887
-190.002
-199.647
-209.744
-197.283
-167.434
-194.29
-203.444
-193.481
-163.691
-167.851
-194.232
-142.187
-142.358
-149.377
-142.479
-174.396
-205.136
-203.187
-194.56
-152.493
-177.396
-185.038
-149.419
-183.876
-204.611
-159.116
-164.253
-175.155
-194.566
-141.147
-154.478
-159.065
-192.661
-159.485
-178.094
-189.625
-205.533
-197.656
-140.48
-174.098
-189.339
-199.828
-173.317
-176.686
-189.68
-128.372
-140.543
-111.176
-126.966
-113.287
-91.3333
-133.095
-100.62
-115.818
-122.618
-126.347
-94.6822
-139.341
-84.6994
-95.3024
-135.806
-102.203
-87.7563
-86.7189
-111.181
-131.016
-74.5371
-130.254
-79.1378
-123.864
-106.828
-73.149
-100.749
-114.38
-123.089
-113.783
-129.344
-80.4307
-81.1797
-78.9139
-121.847
-95.5891
-101.454
-93.5926
-134.257
-126.863
-137.747
-94.2771
-85.662
-96.8566
-121.039
-79.8485
-71.5723
-74.1235
-117.684
-98.2781
-133.304
-95.7443
-111.34
-73.2775
-78.4022
-76.2024
-79.6199
-91.0256
-139.004
-79.59
-89.8406
-107.779
-103.678
-78.3371
-85.4265
-89.7011
-90.5596
-101.118
-106.862
-133.108
-136.043
-85.1983
-131.331
-118.825
-113.423
-85.4641
-87.5196
-105.797
-122.269
-37.3752
-54.2354
-47.6164
-31.7816
-26.9844
-31.6785
-35.9044
-31.474
-10.2446
-21.0781
-6.44602
-32.1392
-41.9346
-44.3278
-10.743
-20.0906
-0.0527072
-22.3501
-67.8781
-70.9156
-19.854
-46.1384
-63.6967
-51.9088
-46.98
-29.6692
-66.8029
-27.4906
-22.0274
-35.4118
-24.4255
-36.4617
-22.3213
-26.9088
-46.0028
-4.23331
-32.8309
-69.4878
-23.8988
0.851368
-36.8034
-65.1976
-19.2382
-66.4233
-62.3964
-53.1006
-42.6554
-22.3265
-22.6531
-25.1331
-36.4095
-42.7743
-21.4753
-37.5237
-24.9576
-65.8511
-40.2456
-37.0405
-28.5713
-22.3719
-70.3385
-17.4807
-61.187
-49.4497
-67.4043
-14.3483
-58.6076
-48.6684
-68.0378
-26.2882
-54.7469
-12.43
-17.8156
-55.9714
-34.2384
-68.1594
-20.1448
-29.1391
-54.2415
-52.7289
-7.35347
-15.3591
-0.659374
-37.5594
-55.2786
-49.574
-61.7285
-0.249044
-68.8351
-41.7167
-29.6517
-36.1226
38.0228
68.274
50.6331
65.2495
51.6052
50.2816
57.5882
62.5994
47.6594
62.4564
53.1243
0.434627
65.4234
17.5149
4.00358
36.423
4.59878
51.4927
61.147
64.9853
60.072
53.3008
25.8627
28.8175
3.00077
27.2065
65.361
6.67807
10.6415
3.37698
11.2888
46.5461
47.9334
63.0265
60.4018
52.5125
14.9154
24.176
3.52813
45.9148
69.4591
63.9671
67.3719
65.4388
65.9468
40.9906
35.6647
60.8981
54.6629
57.1846
45.6227
65.8653
36.7418
22.3557
20.1496
37.4302
52.0473
70.7246
35.5293
46.3187
2.00891
30.7625
31.0964
44.9562
63.8947
5.66563
8.84747
61.7674
9.59359
31.8004
23.5474
37.682
33.6463
34.7793
70.505
46.8395
66.6059
69.8385
47.3197
61.2406
36.1693
9.49881
26.971
67.5418
17.6986
69.9844
20.6844
8.98438
39.7417
123.158
73.4817
134.465
138.722
114.15
89.7188
120.958
135.872
93.2988
122.47
118.743
137.274
69.8491
74.0199
113.496
123.593
122.921
135.578
71.2263
108.427
87.7947
129.269
73.3626
74.6014
69.563
120.379
77.6356
88.4906
79.3203
111.643
70.5417
114.652
87.8875
80.3061
131.634
89.0885
136.128
70.14
113.466
77.8297
101.753
126.552
72.5802
106.476
95.5523
128.435
117.283
133.657
99.6013
124.833
84.2601
70.9658
70.9222
110.638
71.7304
94.2402
130.85
128.316
137.908
106.028
134.867
130.339
82.3723
70.4927
117.133
130.591
126.753
92.4471
93.7768
133.745
69.714
125.339
115.75
95.7043
120.2
108.488
108.647
94.7218
89.2998
73.9036
90.9889
71.0815
93.3148
84.3013
121.217
160.598
167.514
168.892
198.093
200.302
207.091
182.978
207.383
173.692
152.054
170.019
144.4
150.019
166.888
149.647
194.663
191.828
204.165
196.823
207.863
207.157
172.6
206.643
189.036
163.964
168.734
193.063
202.991
195.264
209.1
170.692
167.847
182.172
210.734
186.307
206.135
200.813
209.969
210.196
198.362
205.815
202.937
147.811
200.771
210.169
193.351
174.753
161.845
206.262
177.902
156.205
142.851
186.756
142.371
151.825
209.306
141.793
140.884
177.719
179.628
148.205
190.963
161.303
195.988
206.525
150.497
176.629
190.616
153.632
274.11
249.81
265.928
270.524
240.458
245.533
277.538
269.495
248.766
248.852
243.253
247.741
274.281
231.404
275.278
260.093
246.199
251.267
271.23
218.838
249.668
280.747
258.322
278.019
229.345
261.935
249.319
229.943
214.054
231.415
271.38
279.757
242.548
224.612
267.464
262.491
224.474
265.64
209.696
256.132
274.354
272.803
232.428
276.408
241.857
218.79
238.306
259.713
246.829
236.343
220.603
218.247
235.741
215.754
236.807
261.953
241.998
251.395
267.207
276.98
251.316
220.538
220.28
215.98
249.058
269.17
231.088
270.477
266.344
250.973
221.588
263.185
224.082
216.139
238.37
258.813
230.098
272.142
243.496
266.459
255.515
269.369
275.202
235.317
300.237
324.522
314.243
328.261
332.177
336.577
338.498
340.308
300.367
301.803
289.222
283.931
305.461
322.264
311.522
318.735
301.955
318.964
287.502
328.102
316.041
323.152
289.022
309.585
299.603
297.327
288.289
334.839
288.873
329.927
331.69
337.903
307.472
281.808
344.317
324.155
287.222
343.697
346.776
298.192
310.128
281.14
307.184
299.983
295.97
282.673
303.745
328.714
350.509
311.585
305.151
313.832
349.378
325.867
294.978
344.606
322.092
285.4
347.247
311.443
305.49
326.922
300.09
319.464
301.38
279.375
347.883
289.026
348.853
332.061
290.404
330.694
299.596
311.625
292.841
349.015
322.952
325.192
346.486
373.618
415.031
415.627
372.399
353.628
369.851
357.346
385.891
378.808
394.23
365.862
349.668
356.316
411.825
359.117
405.284
401.137
419.586
377.135
372.528
403.902
407.347
406.238
378.6
417.257
379.849
361.633
415.71
356.554
366.265
383.359
391.857
418.965
362.764
358.589
393.269
387.638
414.061
357.269
353.622
415.604
387.493
403.114
363.945
420.843
356.331
406.434
400.369
359.648
364.569
418.097
377.615
418.755
387.376
402.114
354.395
407.363
417.736
380.991
395.448
406.298
418.168
411.901
360.601
379.745
399.749
413.388
376.705
379.663
363.18
468.345
466.713
424.595
467.683
445.738
455.161
479.156
430.603
422.008
466.467
448.205
467.128
489.163
475.378
457.701
469.727
480.267
472.707
462.001
422.179
450.215
488.393
454.065
464.952
460.543
445.457
430.24
460.424
442.7
479.148
474.503
467.64
443.286
460.3
487.164
443.831
421.993
459.52
475.529
428.801
467.539
438.268
484.108
460.009
419.85
487.142
422.301
464.165
469.818
490.858
460.339
483.747
480.822
462.785
451.66
429.296
420.754
475.22
602.5
602.5
602.5
602.5
602.5
602.5
598.0
598.0
598.0
598.0
598.0
598.0
602.0
602.0
602.0
602.0
602.0
602.0
598.0
597.5
597.5
602.0
602.0
602.5
602.5
602.5
602.5
598.0
598.0
598.0
602.0
602.0
597.5
602.0
602.5
602.5
602.0
602.0
598.0
598.0
598.0
598.0
598.0
598.0
598.0
602.0
602.0
598.0
602.0
597.5
597.5
598.0
602.0
602.0
602.0
598.0
598.0
598.0
598.0
602.0
602.0
602.0
597.5
602.5
602.5
602.5
602.0
598.0
598.0
598.0
598.0
598.0
602.0
602.0
602.0
602.0
597.5
602.0
602.0
598.0
598.0
602.5
602.5
602.5
598.0
598.0
598.0
598.0
598.0
602.0
602.0
602.0
602.0
602.0
602.0
602.0
602.0
598.0
598.0
602.0
602.0
602.0
597.5
597.5
597.5
597.5
597.5
597.5
597.5
602.5
602.5
602.5
602.5
602.5
602.5
598.0
598.0
598.0
598.0
598.0
598.0
598.0
602.0
602.0
602.0
597.5
597.5
602.0
602.5
602.0
598.0
598.0
602.0
602.0
598.0
597.5
597.5
597.5
598.0
598.0
598.0
602.5
602.5
598.0
598.0
598.0
602.0
602.0
602.0
602.0
598.0
598.0
597.5
597.5
597.5
602.0
602.0
602.0
602.0
602.5
602.0
598.0
598.0
598.0
598.0
602.0
602.0
602.0
602.0
602.0
602.0
602.0
597.5
597.5
597.5
597.5
597.5
597.5
597.5
602.0
702.5
702.5
702.5
702.5
702.0
698.0
698.0
698.0
702.0
702.0
702.0
698.0
698.0
698.0
698.0
698.0
702.0
702.0
702.0
697.5
697.5
697.5
698.0
698.0
702.0
702.5
698.0
698.0
698.0
698.0
698.0
702.0
702.0
702.0
702.0
698.0
697.5
697.5
702.0
702.5
702.5
702.0
702.0
702.0
698.0
698.0
698.0
698.0
698.0
698.0
698.0
702.0
702.0
702.0
702.0
702.0
702.0
702.0
697.5
698.0
702.0
698.0
698.0
698.0
698.0
698.0
698.0
702.0
702.0
702.0
702.0
702.0
702.0
702.0
702.0
697.5
702.5
702.5
702.5
698.0
698.0
698.0
698.0
698.0
698.0
698.0
697.5
697.5
697.5
698.0
702.5
702.5
702.5
702.5
702.0
698.0
698.0
698.0
698.0
698.0
698.0
702.0
702.0
702.0
702.0
702.0
702.0
698.0
702.0
697.5
697.5
697.5
697.5
697.5
702.5
702.5
702.5
702.5
698.0
698.0
698.0
698.0
698.0
698.0
698.0
698.0
702.0
702.0
702.0
697.5
697.5
702.0
698.0
698.0
698.0
702.5
702.5
702.5
702.0
698.0
702.0
702.0
702.0
697.5
697.5
698.0
698.0
698.0
702.5
702.5
702.0
698.0
702.0
702.0
698.0
702.0
702.0
702.0
702.0
702.0
702.0
698.0
697.5
697.5
697.5
697.5
697.5
702.0
702.0
702.0
702.5
702.5
702.5
698.0
698.0
698.0
698.0
698.0
702.0
702.0
702.0
702.0
702.0
702.0
702.0
702.0
697.5
697.5
697.5
697.5
697.5
702.0
822.5
822.5
822.5
822.5
822.5
822.0
822.0
818.0
818.0
822.0
822.0
822.0
822.0
822.0
818.0
822.0
822.0
822.0
818.0
822.0
822.0
822.0
822.5
818.0
818.0
818.0
818.0
818.0
818.0
818.0
818.0
822.0
822.0
822.0
822.0
818.0
817.5
817.5
817.5
817.5
822.0
822.0
822.5
822.0
818.0
818.0
818.0
818.0
818.0
818.0
822.0
822.0
818.0
818.0
818.0
818.0
818.0
818.0
822.0
818.0
818.0
818.0
818.0
818.0
822.0
822.0
822.0
817.5
822.5
818.0
822.0
822.0
818.0
818.0
818.0
818.0
822.0
822.0
822.0
822.0
822.0
817.5
817.5
822.0
822.5
822.5
822.5
822.0
822.0
822.0
818.0
818.0
818.0
822.0
822.0
822.0
822.0
818.0
818.0
822.0
822.0
817.5
817.5
817.5
818.0
822.0
822.5
822.5
818.0
818.0
818.0
822.0
822.0
822.0
822.0
822.0
822.0
822.0
822.0
818.0
817.5
817.5
822.0
822.0
822.0
818.0
822.5
822.5
822.0
818.0
822.0
818.0
817.5
818.0
818.0
818.0
818.0
822.5
822.0
818.0
818.0
822.0
818.0
822.0
822.0
822.0
822.0
822.0
822.0
822.0
817.5
817.5
817.5
822.5
822.5
822.0
822.0
818.0
818.0
818.0
818.0
818.0
818.0
818.0
822.0
822.0
822.0
822.0
822.0
817.5
817.5
817.5
817.5
817.5
822.0
818.0
818.0
962.5
962.5
962.5
962.5
958.0
958.0
958.0
958.0
962.0
958.0
958.0
958.0
962.0
962.0
962.0
957.5
958.0
958.0
958.0
962.0
962.0
962.5
962.5
962.5
958.0
958.0
958.0
958.0
958.0
962.0
962.0
958.0
962.0
962.0
962.0
962.0
962.0
957.5
962.0
958.0
962.5
962.5
958.0
958.0
958.0
958.0
962.0
962.0
962.0
958.0
958.0
958.0
962.0
957.5
962.5
962.0
958.0
958.0
958.0
958.0
962.0
962.0
962.0
957.5
957.5
962.0
962.0
962.5
962.5
962.5
962.5
962.0
962.0
962.0
958.0
958.0
962.0
958.0
958.0
958.0
957.5
957.5
962.0
962.0
962.0
958.0
958.0
962.5
962.5
962.5
962.0
962.0
958.0
958.0
958.0
958.0
958.0
962.0
962.0
962.0
962.0
962.0
962.0
962.0
957.5
957.5
957.5
957.5
957.5
962.5
962.5
958.0
958.0
962.0
958.0
962.0
962.0
958.0
958.0
958.0
962.5
962.5
962.0
958.0
958.0
958.0
958.0
958.0
958.0
962.0
962.0
962.0
958.0
957.5
958.0
958.0
958.0
962.0
962.0
958.0
962.0
962.0
962.0
958.0
962.0
962.0
962.0
962.0
958.0
957.5
957.5
957.5
962.5
962.5
958.0
962.0
962.0
962.0
962.0
958.0
958.0
958.0
958.0
962.0
962.0
962.0
962.0
962.0
962.0
962.0
958.0
958.0
957.5
957.5
957.5
957.5
957.5
958.0
1102.5
1102.0
1098.0
1098.0
1098.0
1098.0
1102.0
1102.0
1102.0
1098.0
1102.0
1102.0
1102.0
1102.0
1097.5
1098.0
1098.0
1102.5
1098.0
1098.0
1098.0
1098.0
1098.0
1098.0
1098.0
1102.0
1102.0
1097.5
1097.5
1102.0
1102.5
1102.5
1102.0
1098.0
1098.0
1102.0
1102.0
1102.0
1102.0
1102.0
1097.5
1098.0
1098.0
1098.0
1098.0
1098.0
1098.0
1098.0
1102.0
1102.0
1102.0
1102.0
1098.0
1097.5
1097.5
1097.5
1097.5
1102.0
1102.5
1102.5
1098.0
1098.0
1102.0
1102.0
1102.0
1102.0
1102.0
1098.0
1097.5
1097.5
1102.0
1102.5
1102.0
1102.0
1102.0
1098.0
1098.0
1098.0
1098.0
1102.0
1102.0
1102.0
1102.0
1102.0
1097.5
1097.5
1097.5
1098.0
1098.0
1102.5
1098.0
1098.0
1102.0
1102.0
1102.0
1102.0
1102.0
1102.0
1098.0
1102.0
1098.0
1098.0
1098.0
1098.0
1097.5
1097.5
1102.0
1098.0
1098.0
1102.5
1098.0
1098.0
1102.0
1098.0
1102.0
1102.5
1102.5
1102.0
1102.0
1098.0
1098.0
1098.0
1102.0
1102.0
1102.0
1102.0
1098.0
1098.0
1098.0
1097.5
1097.5
1097.5
1097.5
1102.0
1102.5
1102.5
1102.5
1098.0
1098.0
1098.0
1102.0
1098.0
1098.0
1098.0
1098.0
1098.0
1098.0
1102.0
1102.0
1102.0
1102.0
1102.0
1102.0
1098.0
1097.5
1097.5
1102.0
1102.0
1098.0
1302.5
1302.5
1302.0
1302.0
1298.0
1298.0
1298.0
1302.0
1302.0
1302.0
1302.0
1298.0
1302.0
1302.0
1302.0
1302.0
1297.5
1302.0
1302.5
1298.0
1302.0
1298.0
1298.0
1302.0
1302.0
1302.0
1297.5
1297.5
1297.5
1298.0
1298.0
1298.0
1302.5
1298.0
1298.0
1298.0
1302.0
1298.0
1298.0
1298.0
1298.0
1298.0
1298.0
1298.0
1298.0
1298.0
1302.5
1302.5
1302.0
1302.0
1298.0
1298.0
1298.0
1298.0
1302.0
1298.0
1298.0
1297.5
1297.5
1302.0
1302.5
1298.0
1302.0
1298.0
1298.0
1298.0
1302.0
1302.0
1302.0
1298.0
1297.5
1297.5
1298.0
1298.0
1302.5
1302.0
1302.0
1302.0
1302.0
1298.0
1298.0
1298.0
1298.0
1298.0
1297.5
1297.5
1297.5
1297.5
1298.0
1298.0
1298.0
1302.0
1302.5
1302.5
1302.5
1298.0
1302.0
1302.0
1298.0
1302.0
1298.0
1298.0
1302.5
1302.5
1302.5
1302.0
1302.0
1302.0
1302.0
1302.0
1298.0
1302.0
1302.0
1302.0
1297.5
1302.0
1302.0
1298.0
1298.0
1298.0
1298.0
1298.0
1302.0
1302.0
1302.0
1302.0
1302.0
1298.0
1298.0
1298.0
1297.5
1302.0
1302.5
1302.5
1302.5
1302.5
1302.0
1298.0
1298.0
1298.0
1298.0
1298.0
1302.0
1302.0
1302.0
1298.0
1297.5
1297.5
1297.5
1302.0
1302.0
1302.0
1298.0
1298.0
1298.0
1502.5
1502.5
1502.0
1502.0
1502.0
1498.0
1502.0
1502.0
1502.0
1502.0
1502.0
1502.0
1497.5
1498.0
1502.0
1502.5
1502.5
1502.5
1502.0
1502.0
1498.0
1498.0
1502.0
1502.0
1497.5
1497.5
1502.0
1502.0
1498.0
1502.5
1502.5
1502.0
1502.0
1498.0
1498.0
1498.0
1498.0
1502.0
1502.0
1498.0
1498.0
1498.0
1502.0
1497.5
1497.5
1502.5
1498.0
1498.0
1498.0
1498.0
1502.0
1502.0
1502.0
1497.5
1497.5
1502.0
1502.0
1498.0
1502.0
1498.0
1498.0
1498.0
1498.0
1502.0
1502.0
1502.0
1502.0
1498.0
1497.5
1497.5
1502.5
1498.0
1498.0
1498.0
1502.0
1502.0
1502.0
1502.0
1502.0
1498.0
1498.0
1502.0
1498.0
1498.0
1498.0
1502.0
1502.0
1502.5
1498.0
1498.0
1498.0
1498.0
1502.0
1502.5
1502.0
1498.0
1498.0
1498.0
1498.0
1498.0
1502.0
1502.0
1498.0
1498.0
1498.0
1498.0
1502.0
1498.0
1502.0
1502.0
1502.0
1502.0
1498.0
1498.0
1497.5
1497.5
1502.0
1502.0
1502.0
1502.5
1498.0
1498.0
1502.0
1502.0
1502.0
1498.0
1502.0
1502.0
1502.0
1498.0
1498.0
1498.0
1497.5
1502.0
1502.0
1502.0
1498.0
1498.0
